-6.00000000       0.00000000
-5.87878788       0.00000000
-5.75757576       0.00000000
-5.63636364       0.00000000
-5.51515152       0.00000000
-5.39393939       0.00000000
-5.27272727       0.00000000
-5.15151515       0.00000000
-5.03030303       0.00000000
-4.90909091       0.00000000
-4.78787879       0.00000000
-4.66666667       0.00000000
-4.54545455       0.00000000
-4.42424242       0.00000000
-4.30303030       0.00000000
-4.18181818       0.00000000
-4.06060606       0.00000000
-3.93939394       0.00000000
-3.81818182       0.00000000
-3.69696970       0.00000000
-3.57575758       0.00000000
-3.45454545       0.00000000
-3.33333333       0.00000000
-3.21212121       0.00000000
-3.09090909       0.00000000
-2.96969697       0.00000000
-2.84848485       0.00000000
-2.72727273       0.00000000
-2.60606061       0.00000000
-2.48484848       0.00000000
-2.36363636       0.00000000
-2.24242424       0.00000000
-2.12121212       0.00000000
-2.00000000       0.00000000
-1.87878788       0.00000000
-1.75757576       0.00000000
-1.63636364       0.00000000
-1.51515152       0.00000000
-1.39393939       0.00000000
-1.27272727       0.00000000
-1.15151515       0.00000000
-1.03030303       0.00000000
-0.90909091       0.00000000
-0.78787879       0.00000000
-0.66666667       0.00000000
-0.54545455       0.00000000
-0.42424242       0.00000000
-0.30303030       0.00000000
-0.18181818       0.00000000
-0.06060606       0.00000000
 0.06060606       0.00000000
 0.18181818       0.00000000
 0.30303030       0.00000000
 0.42424242       0.00000000
 0.54545455       0.00000000
 0.66666667       0.00000000
 0.78787879       0.00000000
 0.90909091       0.00000000
 1.03030303       0.00000000
 1.15151515       0.00000000
 1.27272727       0.00000000
 1.39393939       0.00000000
 1.51515152       0.00000000
 1.63636364       0.00000000
 1.75757576       0.00000000
 1.87878788       0.00000000
 2.00000000       0.00000000
 2.12121212       0.00000000
 2.24242424       0.00000000
 2.36363636       0.00000000
 2.48484848       0.00000000
 2.60606061       0.00000000
 2.72727273       0.00000000
 2.84848485       0.00000000
 2.96969697       0.00000000
 3.09090909       0.00000000
 3.21212121       0.00000000
 3.33333333       0.00000000
 3.45454545       0.00000000
 3.57575758       0.00000000
 3.69696970       0.00000000
 3.81818182       0.00000000
 3.93939394       0.00000000
 4.06060606       0.00000000
 4.18181818       0.00000000
 4.30303030       0.00000000
 4.42424242       0.00000000
 4.54545455       0.00000000
 4.66666667       0.00000000
 4.78787879       0.00000000
 4.90909091       0.00000000
 5.03030303       0.00000000
 5.15151515       0.00000000
 5.27272727       0.00000000
 5.39393939       0.00000000
 5.51515152       0.00000000
 5.63636364       0.00000000
 5.75757576       0.00000000
 5.87878788       0.00000000
 6.00000000       0.00000000
