-6.00000000       0.00000000      -0.00000000
-5.98798799       0.00000000      -0.00764663
-5.97597598       0.00000000      -0.01529054
-5.96396396       0.00000000      -0.02292900
-5.95195195       0.00000000      -0.03055931
-5.93993994       0.00000000      -0.03817873
-5.92792793       0.00000000      -0.04578456
-5.91591592       0.00000000      -0.05337409
-5.90390390       0.00000000      -0.06094462
-5.89189189       0.00000000      -0.06849345
-5.87987988       0.00000000      -0.07601790
-5.86786787       0.00000000      -0.08351529
-5.85585586       0.00000000      -0.09098294
-5.84384384       0.00000000      -0.09841820
-5.83183183       0.00000000      -0.10581843
-5.81981982       0.00000000      -0.11318098
-5.80780781       0.00000000      -0.12050324
-5.79579580       0.00000000      -0.12778260
-5.78378378       0.00000000      -0.13501647
-5.77177177       0.00000000      -0.14220228
-5.75975976       0.00000000      -0.14933745
-5.74774775       0.00000000      -0.15641946
-5.73573574       0.00000000      -0.16344579
-5.72372372       0.00000000      -0.17041393
-5.71171171       0.00000000      -0.17732140
-5.69969970       0.00000000      -0.18416574
-5.68768769       0.00000000      -0.19094452
-5.67567568       0.00000000      -0.19765532
-5.66366366       0.00000000      -0.20429575
-5.65165165       0.00000000      -0.21086345
-5.63963964       0.00000000      -0.21735608
-5.62762763       0.00000000      -0.22377134
-5.61561562       0.00000000      -0.23010693
-5.60360360       0.00000000      -0.23636060
-5.59159159       0.00000000      -0.24253012
-5.57957958       0.00000000      -0.24861330
-5.56756757       0.00000000      -0.25460797
-5.55555556       0.00000000      -0.26051201
-5.54354354       0.00000000      -0.26632329
-5.53153153       0.00000000      -0.27203977
-5.51951952       0.00000000      -0.27765939
-5.50750751       0.00000000      -0.28318017
-5.49549550       0.00000000      -0.28860013
-5.48348348       0.00000000      -0.29391735
-5.47147147       0.00000000      -0.29912994
-5.45945946       0.00000000      -0.30423603
-5.44744745       0.00000000      -0.30923381
-5.43543544       0.00000000      -0.31412150
-5.42342342       0.00000000      -0.31889736
-5.41141141       0.00000000      -0.32355969
-5.39939940       0.00000000      -0.32810683
-5.38738739       0.00000000      -0.33253717
-5.37537538       0.00000000      -0.33684912
-5.36336336       0.00000000      -0.34104115
-5.35135135       0.00000000      -0.34511176
-5.33933934       0.00000000      -0.34905951
-5.32732733       0.00000000      -0.35288300
-5.31531532       0.00000000      -0.35658086
-5.30330330       0.00000000      -0.36015177
-5.29129129       0.00000000      -0.36359446
-5.27927928       0.00000000      -0.36690771
-5.26726727       0.00000000      -0.37009035
-5.25525526       0.00000000      -0.37314122
-5.24324324       0.00000000      -0.37605926
-5.23123123       0.00000000      -0.37884341
-5.21921922       0.00000000      -0.38149270
-5.20720721       0.00000000      -0.38400617
-5.19519520       0.00000000      -0.38638293
-5.18318318       0.00000000      -0.38862214
-5.17117117       0.00000000      -0.39072299
-5.15915916       0.00000000      -0.39268475
-5.14714715       0.00000000      -0.39450671
-5.13513514       0.00000000      -0.39618822
-5.12312312       0.00000000      -0.39772868
-5.11111111       0.00000000      -0.39912755
-5.09909910       0.00000000      -0.40038433
-5.08708709       0.00000000      -0.40149856
-5.07507508       0.00000000      -0.40246987
-5.06306306       0.00000000      -0.40329789
-5.05105105       0.00000000      -0.40398233
-5.03903904       0.00000000      -0.40452295
-5.02702703       0.00000000      -0.40491956
-5.01501502       0.00000000      -0.40517201
-5.00300300       0.00000000      -0.40528023
-4.99099099      -0.99099099      -0.40524415
-4.97897898      -0.97897898      -0.40506381
-4.96696697      -0.96696697      -0.40473927
-4.95495495      -0.95495495      -0.40427063
-4.94294294      -0.94294294      -0.40365807
-4.93093093      -0.93093093      -0.40290181
-4.91891892      -0.91891892      -0.40200210
-4.90690691      -0.90690691      -0.40095929
-4.89489489      -0.89489489      -0.39977373
-4.88288288      -0.88288288      -0.39844585
-4.87087087      -0.87087087      -0.39697611
-4.85885886      -0.85885886      -0.39536506
-4.84684685      -0.84684685      -0.39361324
-4.83483483      -0.83483483      -0.39172130
-4.82282282      -0.82282282      -0.38968991
-4.81081081      -0.81081081      -0.38751978
-4.79879880      -0.79879880      -0.38521169
-4.78678679      -0.78678679      -0.38276647
-4.77477477      -0.77477477      -0.38018498
-4.76276276      -0.76276276      -0.37746813
-4.75075075      -0.75075075      -0.37461691
-4.73873874      -0.73873874      -0.37163232
-4.72672673      -0.72672673      -0.36851543
-4.71471471      -0.71471471      -0.36526734
-4.70270270      -0.70270270      -0.36188922
-4.69069069      -0.69069069      -0.35838226
-4.67867868      -0.67867868      -0.35474771
-4.66666667      -0.66666667      -0.35098688
-4.65465465      -0.65465465      -0.34710108
-4.64264264      -0.64264264      -0.34309172
-4.63063063      -0.63063063      -0.33896022
-4.61861862      -0.61861862      -0.33470804
-4.60660661      -0.60660661      -0.33033670
-4.59459459      -0.59459459      -0.32584776
-4.58258258      -0.58258258      -0.32124282
-4.57057057      -0.57057057      -0.31652351
-4.55855856      -0.55855856      -0.31169152
-4.54654655      -0.54654655      -0.30674857
-4.53453453      -0.53453453      -0.30169641
-4.52252252      -0.52252252      -0.29653684
-4.51051051      -0.51051051      -0.29127170
-4.49849850      -0.49849850      -0.28590287
-4.48648649      -0.48648649      -0.28043226
-4.47447447      -0.47447447      -0.27486181
-4.46246246      -0.46246246      -0.26919351
-4.45045045      -0.45045045      -0.26342937
-4.43843844      -0.43843844      -0.25757145
-4.42642643      -0.42642643      -0.25162184
-4.41441441      -0.41441441      -0.24558264
-4.40240240      -0.40240240      -0.23945602
-4.39039039      -0.39039039      -0.23324414
-4.37837838      -0.37837838      -0.22694923
-4.36636637      -0.36636637      -0.22057353
-4.35435435      -0.35435435      -0.21411930
-4.34234234      -0.34234234      -0.20758884
-4.33033033      -0.33033033      -0.20098448
-4.31831832      -0.31831832      -0.19430856
-4.30630631      -0.30630631      -0.18756347
-4.29429429      -0.29429429      -0.18075161
-4.28228228      -0.28228228      -0.17387540
-4.27027027      -0.27027027      -0.16693729
-4.25825826      -0.25825826      -0.15993974
-4.24624625      -0.24624625      -0.15288526
-4.23423423      -0.23423423      -0.14577635
-4.22222222      -0.22222222      -0.13861554
-4.21021021      -0.21021021      -0.13140539
-4.19819820      -0.19819820      -0.12414845
-4.18618619      -0.18618619      -0.11684731
-4.17417417      -0.17417417      -0.10950458
-4.16216216      -0.16216216      -0.10212286
-4.15015015      -0.15015015      -0.09470479
-4.13813814      -0.13813814      -0.08725300
-4.12612613      -0.12612613      -0.07977014
-4.11411411      -0.11411411      -0.07225889
-4.10210210      -0.10210210      -0.06472192
-4.09009009      -0.09009009      -0.05716190
-4.07807808      -0.07807808      -0.04958153
-4.06606607      -0.06606607      -0.04198351
-4.05405405      -0.05405405      -0.03437055
-4.04204204      -0.04204204      -0.02674534
-4.03003003      -0.03003003      -0.01911062
-4.01801802      -0.01801802      -0.01146910
-4.00600601      -0.00600601      -0.00382349
-3.99399399       0.00600601       0.00382349
-3.98198198       0.01801802       0.01146910
-3.96996997       0.03003003       0.01911062
-3.95795796       0.04204204       0.02674534
-3.94594595       0.05405405       0.03437055
-3.93393393       0.06606607       0.04198351
-3.92192192       0.07807808       0.04958153
-3.90990991       0.09009009       0.05716190
-3.89789790       0.10210210       0.06472192
-3.88588589       0.11411411       0.07225889
-3.87387387       0.12612613       0.07977014
-3.86186186       0.13813814       0.08725300
-3.84984985       0.15015015       0.09470479
-3.83783784       0.16216216       0.10212286
-3.82582583       0.17417417       0.10950458
-3.81381381       0.18618619       0.11684731
-3.80180180       0.19819820       0.12414845
-3.78978979       0.21021021       0.13140539
-3.77777778       0.22222222       0.13861554
-3.76576577       0.23423423       0.14577635
-3.75375375       0.24624625       0.15288526
-3.74174174       0.25825826       0.15993974
-3.72972973       0.27027027       0.16693729
-3.71771772       0.28228228       0.17387540
-3.70570571       0.29429429       0.18075161
-3.69369369       0.30630631       0.18756347
-3.68168168       0.31831832       0.19430856
-3.66966967       0.33033033       0.20098448
-3.65765766       0.34234234       0.20758884
-3.64564565       0.35435435       0.21411930
-3.63363363       0.36636637       0.22057353
-3.62162162       0.37837838       0.22694923
-3.60960961       0.39039039       0.23324414
-3.59759760       0.40240240       0.23945602
-3.58558559       0.41441441       0.24558264
-3.57357357       0.42642643       0.25162184
-3.56156156       0.43843844       0.25757145
-3.54954955       0.45045045       0.26342937
-3.53753754       0.46246246       0.26919351
-3.52552553       0.47447447       0.27486181
-3.51351351       0.48648649       0.28043226
-3.50150150       0.49849850       0.28590287
-3.48948949       0.51051051       0.29127170
-3.47747748       0.52252252       0.29653684
-3.46546547       0.53453453       0.30169641
-3.45345345       0.54654655       0.30674857
-3.44144144       0.55855856       0.31169152
-3.42942943       0.57057057       0.31652351
-3.41741742       0.58258258       0.32124282
-3.40540541       0.59459459       0.32584776
-3.39339339       0.60660661       0.33033670
-3.38138138       0.61861862       0.33470804
-3.36936937       0.63063063       0.33896022
-3.35735736       0.64264264       0.34309172
-3.34534535       0.65465465       0.34710108
-3.33333333       0.66666667       0.35098688
-3.32132132       0.67867868       0.35474771
-3.30930931       0.69069069       0.35838226
-3.29729730       0.70270270       0.36188922
-3.28528529       0.71471471       0.36526734
-3.27327327       0.72672673       0.36851543
-3.26126126       0.73873874       0.37163232
-3.24924925       0.75075075       0.37461691
-3.23723724       0.76276276       0.37746813
-3.22522523       0.77477477       0.38018498
-3.21321321       0.78678679       0.38276647
-3.20120120       0.79879880       0.38521169
-3.18918919       0.81081081       0.38751978
-3.17717718       0.82282282       0.38968991
-3.16516517       0.83483483       0.39172130
-3.15315315       0.84684685       0.39361324
-3.14114114       0.85885886       0.39536506
-3.12912913       0.87087087       0.39697611
-3.11711712       0.88288288       0.39844585
-3.10510511       0.89489489       0.39977373
-3.09309309       0.90690691       0.40095929
-3.08108108       0.91891892       0.40200210
-3.06906907       0.93093093       0.40290181
-3.05705706       0.94294294       0.40365807
-3.04504505       0.95495495       0.40427063
-3.03303303       0.96696697       0.40473927
-3.02102102       0.97897898       0.40506381
-3.00900901       0.99099099       0.40524415
-2.99699700       0.00000000       0.40528023
-2.98498498       0.00000000       0.40517201
-2.97297297       0.00000000       0.40491956
-2.96096096       0.00000000       0.40452295
-2.94894895       0.00000000       0.40398233
-2.93693694       0.00000000       0.40329789
-2.92492492       0.00000000       0.40246987
-2.91291291       0.00000000       0.40149856
-2.90090090       0.00000000       0.40038433
-2.88888889       0.00000000       0.39912755
-2.87687688       0.00000000       0.39772868
-2.86486486       0.00000000       0.39618822
-2.85285285       0.00000000       0.39450671
-2.84084084       0.00000000       0.39268475
-2.82882883       0.00000000       0.39072299
-2.81681682       0.00000000       0.38862214
-2.80480480       0.00000000       0.38638293
-2.79279279       0.00000000       0.38400617
-2.78078078       0.00000000       0.38149270
-2.76876877       0.00000000       0.37884341
-2.75675676       0.00000000       0.37605926
-2.74474474       0.00000000       0.37314122
-2.73273273       0.00000000       0.37009035
-2.72072072       0.00000000       0.36690771
-2.70870871       0.00000000       0.36359446
-2.69669670       0.00000000       0.36015177
-2.68468468       0.00000000       0.35658086
-2.67267267       0.00000000       0.35288300
-2.66066066       0.00000000       0.34905951
-2.64864865       0.00000000       0.34511176
-2.63663664       0.00000000       0.34104115
-2.62462462       0.00000000       0.33684912
-2.61261261       0.00000000       0.33253717
-2.60060060       0.00000000       0.32810683
-2.58858859       0.00000000       0.32355969
-2.57657658       0.00000000       0.31889736
-2.56456456       0.00000000       0.31412150
-2.55255255       0.00000000       0.30923381
-2.54054054       0.00000000       0.30423603
-2.52852853       0.00000000       0.29912994
-2.51651652       0.00000000       0.29391735
-2.50450450       0.00000000       0.28860013
-2.49249249       0.00000000       0.28318017
-2.48048048       0.00000000       0.27765939
-2.46846847       0.00000000       0.27203977
-2.45645646       0.00000000       0.26632329
-2.44444444       0.00000000       0.26051201
-2.43243243       0.00000000       0.25460797
-2.42042042       0.00000000       0.24861330
-2.40840841       0.00000000       0.24253012
-2.39639640       0.00000000       0.23636060
-2.38438438       0.00000000       0.23010693
-2.37237237       0.00000000       0.22377134
-2.36036036       0.00000000       0.21735608
-2.34834835       0.00000000       0.21086345
-2.33633634       0.00000000       0.20429575
-2.32432432       0.00000000       0.19765532
-2.31231231       0.00000000       0.19094452
-2.30030030       0.00000000       0.18416574
-2.28828829       0.00000000       0.17732140
-2.27627628       0.00000000       0.17041393
-2.26426426       0.00000000       0.16344579
-2.25225225       0.00000000       0.15641946
-2.24024024       0.00000000       0.14933745
-2.22822823       0.00000000       0.14220228
-2.21621622       0.00000000       0.13501647
-2.20420420       0.00000000       0.12778260
-2.19219219       0.00000000       0.12050324
-2.18018018       0.00000000       0.11318098
-2.16816817       0.00000000       0.10581843
-2.15615616       0.00000000       0.09841820
-2.14414414       0.00000000       0.09098294
-2.13213213       0.00000000       0.08351529
-2.12012012       0.00000000       0.07601790
-2.10810811       0.00000000       0.06849345
-2.09609610       0.00000000       0.06094462
-2.08408408       0.00000000       0.05337409
-2.07207207       0.00000000       0.04578456
-2.06006006       0.00000000       0.03817873
-2.04804805       0.00000000       0.03055931
-2.03603604       0.00000000       0.02292900
-2.02402402       0.00000000       0.01529054
-2.01201201       0.00000000       0.00764663
-2.00000000       0.00000000       0.00000000
-1.98798799       0.00000000      -0.00764663
-1.97597598       0.00000000      -0.01529054
-1.96396396       0.00000000      -0.02292900
-1.95195195       0.00000000      -0.03055931
-1.93993994       0.00000000      -0.03817873
-1.92792793       0.00000000      -0.04578456
-1.91591592       0.00000000      -0.05337409
-1.90390390       0.00000000      -0.06094462
-1.89189189       0.00000000      -0.06849345
-1.87987988       0.00000000      -0.07601790
-1.86786787       0.00000000      -0.08351529
-1.85585586       0.00000000      -0.09098294
-1.84384384       0.00000000      -0.09841820
-1.83183183       0.00000000      -0.10581843
-1.81981982       0.00000000      -0.11318098
-1.80780781       0.00000000      -0.12050324
-1.79579580       0.00000000      -0.12778260
-1.78378378       0.00000000      -0.13501647
-1.77177177       0.00000000      -0.14220228
-1.75975976       0.00000000      -0.14933745
-1.74774775       0.00000000      -0.15641946
-1.73573574       0.00000000      -0.16344579
-1.72372372       0.00000000      -0.17041393
-1.71171171       0.00000000      -0.17732140
-1.69969970       0.00000000      -0.18416574
-1.68768769       0.00000000      -0.19094452
-1.67567568       0.00000000      -0.19765532
-1.66366366       0.00000000      -0.20429575
-1.65165165       0.00000000      -0.21086345
-1.63963964       0.00000000      -0.21735608
-1.62762763       0.00000000      -0.22377134
-1.61561562       0.00000000      -0.23010693
-1.60360360       0.00000000      -0.23636060
-1.59159159       0.00000000      -0.24253012
-1.57957958       0.00000000      -0.24861330
-1.56756757       0.00000000      -0.25460797
-1.55555556       0.00000000      -0.26051201
-1.54354354       0.00000000      -0.26632329
-1.53153153       0.00000000      -0.27203977
-1.51951952       0.00000000      -0.27765939
-1.50750751       0.00000000      -0.28318017
-1.49549550       0.00000000      -0.28860013
-1.48348348       0.00000000      -0.29391735
-1.47147147       0.00000000      -0.29912994
-1.45945946       0.00000000      -0.30423603
-1.44744745       0.00000000      -0.30923381
-1.43543544       0.00000000      -0.31412150
-1.42342342       0.00000000      -0.31889736
-1.41141141       0.00000000      -0.32355969
-1.39939940       0.00000000      -0.32810683
-1.38738739       0.00000000      -0.33253717
-1.37537538       0.00000000      -0.33684912
-1.36336336       0.00000000      -0.34104115
-1.35135135       0.00000000      -0.34511176
-1.33933934       0.00000000      -0.34905951
-1.32732733       0.00000000      -0.35288300
-1.31531532       0.00000000      -0.35658086
-1.30330330       0.00000000      -0.36015177
-1.29129129       0.00000000      -0.36359446
-1.27927928       0.00000000      -0.36690771
-1.26726727       0.00000000      -0.37009035
-1.25525526       0.00000000      -0.37314122
-1.24324324       0.00000000      -0.37605926
-1.23123123       0.00000000      -0.37884341
-1.21921922       0.00000000      -0.38149270
-1.20720721       0.00000000      -0.38400617
-1.19519520       0.00000000      -0.38638293
-1.18318318       0.00000000      -0.38862214
-1.17117117       0.00000000      -0.39072299
-1.15915916       0.00000000      -0.39268475
-1.14714715       0.00000000      -0.39450671
-1.13513514       0.00000000      -0.39618822
-1.12312312       0.00000000      -0.39772868
-1.11111111       0.00000000      -0.39912755
-1.09909910       0.00000000      -0.40038433
-1.08708709       0.00000000      -0.40149856
-1.07507508       0.00000000      -0.40246987
-1.06306306       0.00000000      -0.40329789
-1.05105105       0.00000000      -0.40398233
-1.03903904       0.00000000      -0.40452295
-1.02702703       0.00000000      -0.40491956
-1.01501502       0.00000000      -0.40517201
-1.00300300       0.00000000      -0.40528023
-0.99099099      -0.99099099      -0.40524415
-0.97897898      -0.97897898      -0.40506381
-0.96696697      -0.96696697      -0.40473927
-0.95495495      -0.95495495      -0.40427063
-0.94294294      -0.94294294      -0.40365807
-0.93093093      -0.93093093      -0.40290181
-0.91891892      -0.91891892      -0.40200210
-0.90690691      -0.90690691      -0.40095929
-0.89489489      -0.89489489      -0.39977373
-0.88288288      -0.88288288      -0.39844585
-0.87087087      -0.87087087      -0.39697611
-0.85885886      -0.85885886      -0.39536506
-0.84684685      -0.84684685      -0.39361324
-0.83483483      -0.83483483      -0.39172130
-0.82282282      -0.82282282      -0.38968991
-0.81081081      -0.81081081      -0.38751978
-0.79879880      -0.79879880      -0.38521169
-0.78678679      -0.78678679      -0.38276647
-0.77477477      -0.77477477      -0.38018498
-0.76276276      -0.76276276      -0.37746813
-0.75075075      -0.75075075      -0.37461691
-0.73873874      -0.73873874      -0.37163232
-0.72672673      -0.72672673      -0.36851543
-0.71471471      -0.71471471      -0.36526734
-0.70270270      -0.70270270      -0.36188922
-0.69069069      -0.69069069      -0.35838226
-0.67867868      -0.67867868      -0.35474771
-0.66666667      -0.66666667      -0.35098688
-0.65465465      -0.65465465      -0.34710108
-0.64264264      -0.64264264      -0.34309172
-0.63063063      -0.63063063      -0.33896022
-0.61861862      -0.61861862      -0.33470804
-0.60660661      -0.60660661      -0.33033670
-0.59459459      -0.59459459      -0.32584776
-0.58258258      -0.58258258      -0.32124282
-0.57057057      -0.57057057      -0.31652351
-0.55855856      -0.55855856      -0.31169152
-0.54654655      -0.54654655      -0.30674857
-0.53453453      -0.53453453      -0.30169641
-0.52252252      -0.52252252      -0.29653684
-0.51051051      -0.51051051      -0.29127170
-0.49849850      -0.49849850      -0.28590287
-0.48648649      -0.48648649      -0.28043226
-0.47447447      -0.47447447      -0.27486181
-0.46246246      -0.46246246      -0.26919351
-0.45045045      -0.45045045      -0.26342937
-0.43843844      -0.43843844      -0.25757145
-0.42642643      -0.42642643      -0.25162184
-0.41441441      -0.41441441      -0.24558264
-0.40240240      -0.40240240      -0.23945602
-0.39039039      -0.39039039      -0.23324414
-0.37837838      -0.37837838      -0.22694923
-0.36636637      -0.36636637      -0.22057353
-0.35435435      -0.35435435      -0.21411930
-0.34234234      -0.34234234      -0.20758884
-0.33033033      -0.33033033      -0.20098448
-0.31831832      -0.31831832      -0.19430856
-0.30630631      -0.30630631      -0.18756347
-0.29429429      -0.29429429      -0.18075161
-0.28228228      -0.28228228      -0.17387540
-0.27027027      -0.27027027      -0.16693729
-0.25825826      -0.25825826      -0.15993974
-0.24624625      -0.24624625      -0.15288526
-0.23423423      -0.23423423      -0.14577635
-0.22222222      -0.22222222      -0.13861554
-0.21021021      -0.21021021      -0.13140539
-0.19819820      -0.19819820      -0.12414845
-0.18618619      -0.18618619      -0.11684731
-0.17417417      -0.17417417      -0.10950458
-0.16216216      -0.16216216      -0.10212286
-0.15015015      -0.15015015      -0.09470479
-0.13813814      -0.13813814      -0.08725300
-0.12612613      -0.12612613      -0.07977014
-0.11411411      -0.11411411      -0.07225889
-0.10210210      -0.10210210      -0.06472192
-0.09009009      -0.09009009      -0.05716190
-0.07807808      -0.07807808      -0.04958153
-0.06606607      -0.06606607      -0.04198351
-0.05405405      -0.05405405      -0.03437055
-0.04204204      -0.04204204      -0.02674534
-0.03003003      -0.03003003      -0.01911062
-0.01801802      -0.01801802      -0.01146910
-0.00600601      -0.00600601      -0.00382349
 0.00600601       0.00600601       0.00382349
 0.01801802       0.01801802       0.01146910
 0.03003003       0.03003003       0.01911062
 0.04204204       0.04204204       0.02674534
 0.05405405       0.05405405       0.03437055
 0.06606607       0.06606607       0.04198351
 0.07807808       0.07807808       0.04958153
 0.09009009       0.09009009       0.05716190
 0.10210210       0.10210210       0.06472192
 0.11411411       0.11411411       0.07225889
 0.12612613       0.12612613       0.07977014
 0.13813814       0.13813814       0.08725300
 0.15015015       0.15015015       0.09470479
 0.16216216       0.16216216       0.10212286
 0.17417417       0.17417417       0.10950458
 0.18618619       0.18618619       0.11684731
 0.19819820       0.19819820       0.12414845
 0.21021021       0.21021021       0.13140539
 0.22222222       0.22222222       0.13861554
 0.23423423       0.23423423       0.14577635
 0.24624625       0.24624625       0.15288526
 0.25825826       0.25825826       0.15993974
 0.27027027       0.27027027       0.16693729
 0.28228228       0.28228228       0.17387540
 0.29429429       0.29429429       0.18075161
 0.30630631       0.30630631       0.18756347
 0.31831832       0.31831832       0.19430856
 0.33033033       0.33033033       0.20098448
 0.34234234       0.34234234       0.20758884
 0.35435435       0.35435435       0.21411930
 0.36636637       0.36636637       0.22057353
 0.37837838       0.37837838       0.22694923
 0.39039039       0.39039039       0.23324414
 0.40240240       0.40240240       0.23945602
 0.41441441       0.41441441       0.24558264
 0.42642643       0.42642643       0.25162184
 0.43843844       0.43843844       0.25757145
 0.45045045       0.45045045       0.26342937
 0.46246246       0.46246246       0.26919351
 0.47447447       0.47447447       0.27486181
 0.48648649       0.48648649       0.28043226
 0.49849850       0.49849850       0.28590287
 0.51051051       0.51051051       0.29127170
 0.52252252       0.52252252       0.29653684
 0.53453453       0.53453453       0.30169641
 0.54654655       0.54654655       0.30674857
 0.55855856       0.55855856       0.31169152
 0.57057057       0.57057057       0.31652351
 0.58258258       0.58258258       0.32124282
 0.59459459       0.59459459       0.32584776
 0.60660661       0.60660661       0.33033670
 0.61861862       0.61861862       0.33470804
 0.63063063       0.63063063       0.33896022
 0.64264264       0.64264264       0.34309172
 0.65465465       0.65465465       0.34710108
 0.66666667       0.66666667       0.35098688
 0.67867868       0.67867868       0.35474771
 0.69069069       0.69069069       0.35838226
 0.70270270       0.70270270       0.36188922
 0.71471471       0.71471471       0.36526734
 0.72672673       0.72672673       0.36851543
 0.73873874       0.73873874       0.37163232
 0.75075075       0.75075075       0.37461691
 0.76276276       0.76276276       0.37746813
 0.77477477       0.77477477       0.38018498
 0.78678679       0.78678679       0.38276647
 0.79879880       0.79879880       0.38521169
 0.81081081       0.81081081       0.38751978
 0.82282282       0.82282282       0.38968991
 0.83483483       0.83483483       0.39172130
 0.84684685       0.84684685       0.39361324
 0.85885886       0.85885886       0.39536506
 0.87087087       0.87087087       0.39697611
 0.88288288       0.88288288       0.39844585
 0.89489489       0.89489489       0.39977373
 0.90690691       0.90690691       0.40095929
 0.91891892       0.91891892       0.40200210
 0.93093093       0.93093093       0.40290181
 0.94294294       0.94294294       0.40365807
 0.95495495       0.95495495       0.40427063
 0.96696697       0.96696697       0.40473927
 0.97897898       0.97897898       0.40506381
 0.99099099       0.99099099       0.40524415
 1.00300300       0.00000000       0.40528023
 1.01501502       0.00000000       0.40517201
 1.02702703       0.00000000       0.40491956
 1.03903904       0.00000000       0.40452295
 1.05105105       0.00000000       0.40398233
 1.06306306       0.00000000       0.40329789
 1.07507508       0.00000000       0.40246987
 1.08708709       0.00000000       0.40149856
 1.09909910       0.00000000       0.40038433
 1.11111111       0.00000000       0.39912755
 1.12312312       0.00000000       0.39772868
 1.13513514       0.00000000       0.39618822
 1.14714715       0.00000000       0.39450671
 1.15915916       0.00000000       0.39268475
 1.17117117       0.00000000       0.39072299
 1.18318318       0.00000000       0.38862214
 1.19519520       0.00000000       0.38638293
 1.20720721       0.00000000       0.38400617
 1.21921922       0.00000000       0.38149270
 1.23123123       0.00000000       0.37884341
 1.24324324       0.00000000       0.37605926
 1.25525526       0.00000000       0.37314122
 1.26726727       0.00000000       0.37009035
 1.27927928       0.00000000       0.36690771
 1.29129129       0.00000000       0.36359446
 1.30330330       0.00000000       0.36015177
 1.31531532       0.00000000       0.35658086
 1.32732733       0.00000000       0.35288300
 1.33933934       0.00000000       0.34905951
 1.35135135       0.00000000       0.34511176
 1.36336336       0.00000000       0.34104115
 1.37537538       0.00000000       0.33684912
 1.38738739       0.00000000       0.33253717
 1.39939940       0.00000000       0.32810683
 1.41141141       0.00000000       0.32355969
 1.42342342       0.00000000       0.31889736
 1.43543544       0.00000000       0.31412150
 1.44744745       0.00000000       0.30923381
 1.45945946       0.00000000       0.30423603
 1.47147147       0.00000000       0.29912994
 1.48348348       0.00000000       0.29391735
 1.49549550       0.00000000       0.28860013
 1.50750751       0.00000000       0.28318017
 1.51951952       0.00000000       0.27765939
 1.53153153       0.00000000       0.27203977
 1.54354354       0.00000000       0.26632329
 1.55555556       0.00000000       0.26051201
 1.56756757       0.00000000       0.25460797
 1.57957958       0.00000000       0.24861330
 1.59159159       0.00000000       0.24253012
 1.60360360       0.00000000       0.23636060
 1.61561562       0.00000000       0.23010693
 1.62762763       0.00000000       0.22377134
 1.63963964       0.00000000       0.21735608
 1.65165165       0.00000000       0.21086345
 1.66366366       0.00000000       0.20429575
 1.67567568       0.00000000       0.19765532
 1.68768769       0.00000000       0.19094452
 1.69969970       0.00000000       0.18416574
 1.71171171       0.00000000       0.17732140
 1.72372372       0.00000000       0.17041393
 1.73573574       0.00000000       0.16344579
 1.74774775       0.00000000       0.15641946
 1.75975976       0.00000000       0.14933745
 1.77177177       0.00000000       0.14220228
 1.78378378       0.00000000       0.13501647
 1.79579580       0.00000000       0.12778260
 1.80780781       0.00000000       0.12050324
 1.81981982       0.00000000       0.11318098
 1.83183183       0.00000000       0.10581843
 1.84384384       0.00000000       0.09841820
 1.85585586       0.00000000       0.09098294
 1.86786787       0.00000000       0.08351529
 1.87987988       0.00000000       0.07601790
 1.89189189       0.00000000       0.06849345
 1.90390390       0.00000000       0.06094462
 1.91591592       0.00000000       0.05337409
 1.92792793       0.00000000       0.04578456
 1.93993994       0.00000000       0.03817873
 1.95195195       0.00000000       0.03055931
 1.96396396       0.00000000       0.02292900
 1.97597598       0.00000000       0.01529054
 1.98798799       0.00000000       0.00764663
 2.00000000       0.00000000      -0.00000000
 2.01201201       0.00000000      -0.00764663
 2.02402402       0.00000000      -0.01529054
 2.03603604       0.00000000      -0.02292900
 2.04804805       0.00000000      -0.03055931
 2.06006006       0.00000000      -0.03817873
 2.07207207       0.00000000      -0.04578456
 2.08408408       0.00000000      -0.05337409
 2.09609610       0.00000000      -0.06094462
 2.10810811       0.00000000      -0.06849345
 2.12012012       0.00000000      -0.07601790
 2.13213213       0.00000000      -0.08351529
 2.14414414       0.00000000      -0.09098294
 2.15615616       0.00000000      -0.09841820
 2.16816817       0.00000000      -0.10581843
 2.18018018       0.00000000      -0.11318098
 2.19219219       0.00000000      -0.12050324
 2.20420420       0.00000000      -0.12778260
 2.21621622       0.00000000      -0.13501647
 2.22822823       0.00000000      -0.14220228
 2.24024024       0.00000000      -0.14933745
 2.25225225       0.00000000      -0.15641946
 2.26426426       0.00000000      -0.16344579
 2.27627628       0.00000000      -0.17041393
 2.28828829       0.00000000      -0.17732140
 2.30030030       0.00000000      -0.18416574
 2.31231231       0.00000000      -0.19094452
 2.32432432       0.00000000      -0.19765532
 2.33633634       0.00000000      -0.20429575
 2.34834835       0.00000000      -0.21086345
 2.36036036       0.00000000      -0.21735608
 2.37237237       0.00000000      -0.22377134
 2.38438438       0.00000000      -0.23010693
 2.39639640       0.00000000      -0.23636060
 2.40840841       0.00000000      -0.24253012
 2.42042042       0.00000000      -0.24861330
 2.43243243       0.00000000      -0.25460797
 2.44444444       0.00000000      -0.26051201
 2.45645646       0.00000000      -0.26632329
 2.46846847       0.00000000      -0.27203977
 2.48048048       0.00000000      -0.27765939
 2.49249249       0.00000000      -0.28318017
 2.50450450       0.00000000      -0.28860013
 2.51651652       0.00000000      -0.29391735
 2.52852853       0.00000000      -0.29912994
 2.54054054       0.00000000      -0.30423603
 2.55255255       0.00000000      -0.30923381
 2.56456456       0.00000000      -0.31412150
 2.57657658       0.00000000      -0.31889736
 2.58858859       0.00000000      -0.32355969
 2.60060060       0.00000000      -0.32810683
 2.61261261       0.00000000      -0.33253717
 2.62462462       0.00000000      -0.33684912
 2.63663664       0.00000000      -0.34104115
 2.64864865       0.00000000      -0.34511176
 2.66066066       0.00000000      -0.34905951
 2.67267267       0.00000000      -0.35288300
 2.68468468       0.00000000      -0.35658086
 2.69669670       0.00000000      -0.36015177
 2.70870871       0.00000000      -0.36359446
 2.72072072       0.00000000      -0.36690771
 2.73273273       0.00000000      -0.37009035
 2.74474474       0.00000000      -0.37314122
 2.75675676       0.00000000      -0.37605926
 2.76876877       0.00000000      -0.37884341
 2.78078078       0.00000000      -0.38149270
 2.79279279       0.00000000      -0.38400617
 2.80480480       0.00000000      -0.38638293
 2.81681682       0.00000000      -0.38862214
 2.82882883       0.00000000      -0.39072299
 2.84084084       0.00000000      -0.39268475
 2.85285285       0.00000000      -0.39450671
 2.86486486       0.00000000      -0.39618822
 2.87687688       0.00000000      -0.39772868
 2.88888889       0.00000000      -0.39912755
 2.90090090       0.00000000      -0.40038433
 2.91291291       0.00000000      -0.40149856
 2.92492492       0.00000000      -0.40246987
 2.93693694       0.00000000      -0.40329789
 2.94894895       0.00000000      -0.40398233
 2.96096096       0.00000000      -0.40452295
 2.97297297       0.00000000      -0.40491956
 2.98498498       0.00000000      -0.40517201
 2.99699700       0.00000000      -0.40528023
 3.00900901      -0.99099099      -0.40524415
 3.02102102      -0.97897898      -0.40506381
 3.03303303      -0.96696697      -0.40473927
 3.04504505      -0.95495495      -0.40427063
 3.05705706      -0.94294294      -0.40365807
 3.06906907      -0.93093093      -0.40290181
 3.08108108      -0.91891892      -0.40200210
 3.09309309      -0.90690691      -0.40095929
 3.10510511      -0.89489489      -0.39977373
 3.11711712      -0.88288288      -0.39844585
 3.12912913      -0.87087087      -0.39697611
 3.14114114      -0.85885886      -0.39536506
 3.15315315      -0.84684685      -0.39361324
 3.16516517      -0.83483483      -0.39172130
 3.17717718      -0.82282282      -0.38968991
 3.18918919      -0.81081081      -0.38751978
 3.20120120      -0.79879880      -0.38521169
 3.21321321      -0.78678679      -0.38276647
 3.22522523      -0.77477477      -0.38018498
 3.23723724      -0.76276276      -0.37746813
 3.24924925      -0.75075075      -0.37461691
 3.26126126      -0.73873874      -0.37163232
 3.27327327      -0.72672673      -0.36851543
 3.28528529      -0.71471471      -0.36526734
 3.29729730      -0.70270270      -0.36188922
 3.30930931      -0.69069069      -0.35838226
 3.32132132      -0.67867868      -0.35474771
 3.33333333      -0.66666667      -0.35098688
 3.34534535      -0.65465465      -0.34710108
 3.35735736      -0.64264264      -0.34309172
 3.36936937      -0.63063063      -0.33896022
 3.38138138      -0.61861862      -0.33470804
 3.39339339      -0.60660661      -0.33033670
 3.40540541      -0.59459459      -0.32584776
 3.41741742      -0.58258258      -0.32124282
 3.42942943      -0.57057057      -0.31652351
 3.44144144      -0.55855856      -0.31169152
 3.45345345      -0.54654655      -0.30674857
 3.46546547      -0.53453453      -0.30169641
 3.47747748      -0.52252252      -0.29653684
 3.48948949      -0.51051051      -0.29127170
 3.50150150      -0.49849850      -0.28590287
 3.51351351      -0.48648649      -0.28043226
 3.52552553      -0.47447447      -0.27486181
 3.53753754      -0.46246246      -0.26919351
 3.54954955      -0.45045045      -0.26342937
 3.56156156      -0.43843844      -0.25757145
 3.57357357      -0.42642643      -0.25162184
 3.58558559      -0.41441441      -0.24558264
 3.59759760      -0.40240240      -0.23945602
 3.60960961      -0.39039039      -0.23324414
 3.62162162      -0.37837838      -0.22694923
 3.63363363      -0.36636637      -0.22057353
 3.64564565      -0.35435435      -0.21411930
 3.65765766      -0.34234234      -0.20758884
 3.66966967      -0.33033033      -0.20098448
 3.68168168      -0.31831832      -0.19430856
 3.69369369      -0.30630631      -0.18756347
 3.70570571      -0.29429429      -0.18075161
 3.71771772      -0.28228228      -0.17387540
 3.72972973      -0.27027027      -0.16693729
 3.74174174      -0.25825826      -0.15993974
 3.75375375      -0.24624625      -0.15288526
 3.76576577      -0.23423423      -0.14577635
 3.77777778      -0.22222222      -0.13861554
 3.78978979      -0.21021021      -0.13140539
 3.80180180      -0.19819820      -0.12414845
 3.81381381      -0.18618619      -0.11684731
 3.82582583      -0.17417417      -0.10950458
 3.83783784      -0.16216216      -0.10212286
 3.84984985      -0.15015015      -0.09470479
 3.86186186      -0.13813814      -0.08725300
 3.87387387      -0.12612613      -0.07977014
 3.88588589      -0.11411411      -0.07225889
 3.89789790      -0.10210210      -0.06472192
 3.90990991      -0.09009009      -0.05716190
 3.92192192      -0.07807808      -0.04958153
 3.93393393      -0.06606607      -0.04198351
 3.94594595      -0.05405405      -0.03437055
 3.95795796      -0.04204204      -0.02674534
 3.96996997      -0.03003003      -0.01911062
 3.98198198      -0.01801802      -0.01146910
 3.99399399      -0.00600601      -0.00382349
 4.00600601       0.00600601       0.00382349
 4.01801802       0.01801802       0.01146910
 4.03003003       0.03003003       0.01911062
 4.04204204       0.04204204       0.02674534
 4.05405405       0.05405405       0.03437055
 4.06606607       0.06606607       0.04198351
 4.07807808       0.07807808       0.04958153
 4.09009009       0.09009009       0.05716190
 4.10210210       0.10210210       0.06472192
 4.11411411       0.11411411       0.07225889
 4.12612613       0.12612613       0.07977014
 4.13813814       0.13813814       0.08725300
 4.15015015       0.15015015       0.09470479
 4.16216216       0.16216216       0.10212286
 4.17417417       0.17417417       0.10950458
 4.18618619       0.18618619       0.11684731
 4.19819820       0.19819820       0.12414845
 4.21021021       0.21021021       0.13140539
 4.22222222       0.22222222       0.13861554
 4.23423423       0.23423423       0.14577635
 4.24624625       0.24624625       0.15288526
 4.25825826       0.25825826       0.15993974
 4.27027027       0.27027027       0.16693729
 4.28228228       0.28228228       0.17387540
 4.29429429       0.29429429       0.18075161
 4.30630631       0.30630631       0.18756347
 4.31831832       0.31831832       0.19430856
 4.33033033       0.33033033       0.20098448
 4.34234234       0.34234234       0.20758884
 4.35435435       0.35435435       0.21411930
 4.36636637       0.36636637       0.22057353
 4.37837838       0.37837838       0.22694923
 4.39039039       0.39039039       0.23324414
 4.40240240       0.40240240       0.23945602
 4.41441441       0.41441441       0.24558264
 4.42642643       0.42642643       0.25162184
 4.43843844       0.43843844       0.25757145
 4.45045045       0.45045045       0.26342937
 4.46246246       0.46246246       0.26919351
 4.47447447       0.47447447       0.27486181
 4.48648649       0.48648649       0.28043226
 4.49849850       0.49849850       0.28590287
 4.51051051       0.51051051       0.29127170
 4.52252252       0.52252252       0.29653684
 4.53453453       0.53453453       0.30169641
 4.54654655       0.54654655       0.30674857
 4.55855856       0.55855856       0.31169152
 4.57057057       0.57057057       0.31652351
 4.58258258       0.58258258       0.32124282
 4.59459459       0.59459459       0.32584776
 4.60660661       0.60660661       0.33033670
 4.61861862       0.61861862       0.33470804
 4.63063063       0.63063063       0.33896022
 4.64264264       0.64264264       0.34309172
 4.65465465       0.65465465       0.34710108
 4.66666667       0.66666667       0.35098688
 4.67867868       0.67867868       0.35474771
 4.69069069       0.69069069       0.35838226
 4.70270270       0.70270270       0.36188922
 4.71471471       0.71471471       0.36526734
 4.72672673       0.72672673       0.36851543
 4.73873874       0.73873874       0.37163232
 4.75075075       0.75075075       0.37461691
 4.76276276       0.76276276       0.37746813
 4.77477477       0.77477477       0.38018498
 4.78678679       0.78678679       0.38276647
 4.79879880       0.79879880       0.38521169
 4.81081081       0.81081081       0.38751978
 4.82282282       0.82282282       0.38968991
 4.83483483       0.83483483       0.39172130
 4.84684685       0.84684685       0.39361324
 4.85885886       0.85885886       0.39536506
 4.87087087       0.87087087       0.39697611
 4.88288288       0.88288288       0.39844585
 4.89489489       0.89489489       0.39977373
 4.90690691       0.90690691       0.40095929
 4.91891892       0.91891892       0.40200210
 4.93093093       0.93093093       0.40290181
 4.94294294       0.94294294       0.40365807
 4.95495495       0.95495495       0.40427063
 4.96696697       0.96696697       0.40473927
 4.97897898       0.97897898       0.40506381
 4.99099099       0.99099099       0.40524415
 5.00300300       0.00000000       0.40528023
 5.01501502       0.00000000       0.40517201
 5.02702703       0.00000000       0.40491956
 5.03903904       0.00000000       0.40452295
 5.05105105       0.00000000       0.40398233
 5.06306306       0.00000000       0.40329789
 5.07507508       0.00000000       0.40246987
 5.08708709       0.00000000       0.40149856
 5.09909910       0.00000000       0.40038433
 5.11111111       0.00000000       0.39912755
 5.12312312       0.00000000       0.39772868
 5.13513514       0.00000000       0.39618822
 5.14714715       0.00000000       0.39450671
 5.15915916       0.00000000       0.39268475
 5.17117117       0.00000000       0.39072299
 5.18318318       0.00000000       0.38862214
 5.19519520       0.00000000       0.38638293
 5.20720721       0.00000000       0.38400617
 5.21921922       0.00000000       0.38149270
 5.23123123       0.00000000       0.37884341
 5.24324324       0.00000000       0.37605926
 5.25525526       0.00000000       0.37314122
 5.26726727       0.00000000       0.37009035
 5.27927928       0.00000000       0.36690771
 5.29129129       0.00000000       0.36359446
 5.30330330       0.00000000       0.36015177
 5.31531532       0.00000000       0.35658086
 5.32732733       0.00000000       0.35288300
 5.33933934       0.00000000       0.34905951
 5.35135135       0.00000000       0.34511176
 5.36336336       0.00000000       0.34104115
 5.37537538       0.00000000       0.33684912
 5.38738739       0.00000000       0.33253717
 5.39939940       0.00000000       0.32810683
 5.41141141       0.00000000       0.32355969
 5.42342342       0.00000000       0.31889736
 5.43543544       0.00000000       0.31412150
 5.44744745       0.00000000       0.30923381
 5.45945946       0.00000000       0.30423603
 5.47147147       0.00000000       0.29912994
 5.48348348       0.00000000       0.29391735
 5.49549550       0.00000000       0.28860013
 5.50750751       0.00000000       0.28318017
 5.51951952       0.00000000       0.27765939
 5.53153153       0.00000000       0.27203977
 5.54354354       0.00000000       0.26632329
 5.55555556       0.00000000       0.26051201
 5.56756757       0.00000000       0.25460797
 5.57957958       0.00000000       0.24861330
 5.59159159       0.00000000       0.24253012
 5.60360360       0.00000000       0.23636060
 5.61561562       0.00000000       0.23010693
 5.62762763       0.00000000       0.22377134
 5.63963964       0.00000000       0.21735608
 5.65165165       0.00000000       0.21086345
 5.66366366       0.00000000       0.20429575
 5.67567568       0.00000000       0.19765532
 5.68768769       0.00000000       0.19094452
 5.69969970       0.00000000       0.18416574
 5.71171171       0.00000000       0.17732140
 5.72372372       0.00000000       0.17041393
 5.73573574       0.00000000       0.16344579
 5.74774775       0.00000000       0.15641946
 5.75975976       0.00000000       0.14933745
 5.77177177       0.00000000       0.14220228
 5.78378378       0.00000000       0.13501647
 5.79579580       0.00000000       0.12778260
 5.80780781       0.00000000       0.12050324
 5.81981982       0.00000000       0.11318098
 5.83183183       0.00000000       0.10581843
 5.84384384       0.00000000       0.09841820
 5.85585586       0.00000000       0.09098294
 5.86786787       0.00000000       0.08351529
 5.87987988       0.00000000       0.07601790
 5.89189189       0.00000000       0.06849345
 5.90390390       0.00000000       0.06094462
 5.91591592       0.00000000       0.05337409
 5.92792793       0.00000000       0.04578456
 5.93993994       0.00000000       0.03817873
 5.95195195       0.00000000       0.03055931
 5.96396396       0.00000000       0.02292900
 5.97597598       0.00000000       0.01529054
 5.98798799       0.00000000       0.00764663
 6.00000000       0.00000000       0.00000000
