-6.00000000       0.00000000      -0.00000000
-5.98798799       0.00000000       0.00000721
-5.97597598       0.00000000       0.00001441
-5.96396396       0.00000000       0.00002161
-5.95195195       0.00000000       0.00002880
-5.93993994       0.00000000       0.00003598
-5.92792793       0.00000000       0.00004315
-5.91591592       0.00000000       0.00005030
-5.90390390       0.00000000       0.00005743
-5.89189189       0.00000000       0.00006455
-5.87987988       0.00000000       0.00007164
-5.86786787       0.00000000       0.00007870
-5.85585586       0.00000000       0.00008574
-5.84384384       0.00000000       0.00009275
-5.83183183       0.00000000       0.00009972
-5.81981982       0.00000000       0.00010666
-5.80780781       0.00000000       0.00011356
-5.79579580       0.00000000       0.00012042
-5.78378378       0.00000000       0.00012723
-5.77177177       0.00000000       0.00013400
-5.75975976       0.00000000       0.00014073
-5.74774775       0.00000000       0.00014740
-5.73573574       0.00000000       0.00015402
-5.72372372       0.00000000       0.00016058
-5.71171171       0.00000000       0.00016709
-5.69969970       0.00000000       0.00017354
-5.68768769       0.00000000       0.00017992
-5.67567568       0.00000000       0.00018625
-5.66366366       0.00000000       0.00019250
-5.65165165       0.00000000       0.00019869
-5.63963964       0.00000000       0.00020480
-5.62762763       0.00000000       0.00021084
-5.61561562       0.00000000       0.00021681
-5.60360360       0.00000000       0.00022270
-5.59159159       0.00000000       0.00022851
-5.57957958       0.00000000       0.00023424
-5.56756757       0.00000000       0.00023988
-5.55555556       0.00000000       0.00024544
-5.54354354       0.00000000       0.00025091
-5.53153153       0.00000000       0.00025629
-5.51951952       0.00000000       0.00026158
-5.50750751       0.00000000       0.00026677
-5.49549550       0.00000000       0.00027187
-5.48348348       0.00000000       0.00027687
-5.47147147       0.00000000       0.00028177
-5.45945946       0.00000000       0.00028657
-5.44744745       0.00000000       0.00029127
-5.43543544       0.00000000       0.00029586
-5.42342342       0.00000000       0.00030034
-5.41141141       0.00000000       0.00030472
-5.39939940       0.00000000       0.00030899
-5.38738739       0.00000000       0.00031314
-5.37537538       0.00000000       0.00031718
-5.36336336       0.00000000       0.00032111
-5.35135135       0.00000000       0.00032492
-5.33933934       0.00000000       0.00032861
-5.32732733       0.00000000       0.00033217
-5.31531532       0.00000000       0.00033562
-5.30330330       0.00000000       0.00033894
-5.29129129       0.00000000       0.00034214
-5.27927928       0.00000000       0.00034521
-5.26726727       0.00000000       0.00034815
-5.25525526       0.00000000       0.00035095
-5.24324324       0.00000000       0.00035362
-5.23123123       0.00000000       0.00035615
-5.21921922       0.00000000       0.00035854
-5.20720721       0.00000000       0.00036078
-5.19519520       0.00000000       0.00036287
-5.18318318       0.00000000       0.00036480
-5.17117117       0.00000000       0.00036656
-5.15915916       0.00000000       0.00036814
-5.14714715       0.00000000       0.00036952
-5.13513514       0.00000000       0.00037068
-5.12312312       0.00000000       0.00037158
-5.11111111       0.00000000       0.00037216
-5.09909910       0.00000000       0.00037232
-5.08708709       0.00000000       0.00037191
-5.07507508       0.00000000       0.00037062
-5.06306306       0.00000000       0.00036784
-5.05105105       0.00000000       0.00036216
-5.03903904       0.00000000       0.00034972
-5.02702703       0.00000000       0.00031645
-5.01501502       0.00000000       0.00017333
-5.00300300       0.00000000      -0.00439578
-4.99099099      -0.99099099      -0.99117115
-4.97897898      -0.97897898      -0.97869994
-4.96696697      -0.96696697      -0.96662654
-4.95495495      -0.95495495      -0.95459566
-4.94294294      -0.94294294      -0.94257581
-4.93093093      -0.93093093      -0.93056012
-4.91891892      -0.91891892      -0.91854638
-4.90690691      -0.90690691      -0.90653371
-4.89489489      -0.89489489      -0.89452172
-4.88288288      -0.88288288      -0.88251019
-4.87087087      -0.87087087      -0.87049900
-4.85885886      -0.85885886      -0.85848808
-4.84684685      -0.84684685      -0.84647739
-4.83483483      -0.83483483      -0.83446691
-4.82282282      -0.82282282      -0.82245661
-4.81081081      -0.81081081      -0.81044648
-4.79879880      -0.79879880      -0.79843651
-4.78678679      -0.78678679      -0.78642669
-4.77477477      -0.77477477      -0.77441701
-4.76276276      -0.76276276      -0.76240748
-4.75075075      -0.75075075      -0.75039809
-4.73873874      -0.73873874      -0.73838884
-4.72672673      -0.72672673      -0.72637971
-4.71471471      -0.71471471      -0.71437072
-4.70270270      -0.70270270      -0.70236185
-4.69069069      -0.69069069      -0.69035312
-4.67867868      -0.67867868      -0.67834450
-4.66666667      -0.66666667      -0.66633601
-4.65465465      -0.65465465      -0.65432764
-4.64264264      -0.64264264      -0.64231938
-4.63063063      -0.63063063      -0.63031125
-4.61861862      -0.61861862      -0.61830323
-4.60660661      -0.60660661      -0.60629532
-4.59459459      -0.59459459      -0.59428753
-4.58258258      -0.58258258      -0.58227985
-4.57057057      -0.57057057      -0.57027227
-4.55855856      -0.55855856      -0.55826481
-4.54654655      -0.54654655      -0.54625745
-4.53453453      -0.53453453      -0.53425019
-4.52252252      -0.52252252      -0.52224303
-4.51051051      -0.51051051      -0.51023598
-4.49849850      -0.49849850      -0.49822902
-4.48648649      -0.48648649      -0.48622216
-4.47447447      -0.47447447      -0.47421540
-4.46246246      -0.46246246      -0.46220872
-4.45045045      -0.45045045      -0.45020214
-4.43843844      -0.43843844      -0.43819565
-4.42642643      -0.42642643      -0.42618924
-4.41441441      -0.41441441      -0.41418292
-4.40240240      -0.40240240      -0.40217668
-4.39039039      -0.39039039      -0.39017052
-4.37837838      -0.37837838      -0.37816444
-4.36636637      -0.36636637      -0.36615844
-4.35435435      -0.35435435      -0.35415251
-4.34234234      -0.34234234      -0.34214665
-4.33033033      -0.33033033      -0.33014086
-4.31831832      -0.31831832      -0.31813515
-4.30630631      -0.30630631      -0.30612949
-4.29429429      -0.29429429      -0.29412390
-4.28228228      -0.28228228      -0.28211837
-4.27027027      -0.27027027      -0.27011290
-4.25825826      -0.25825826      -0.25810748
-4.24624625      -0.24624625      -0.24610212
-4.23423423      -0.23423423      -0.23409681
-4.22222222      -0.22222222      -0.22209155
-4.21021021      -0.21021021      -0.21008633
-4.19819820      -0.19819820      -0.19808116
-4.18618619      -0.18618619      -0.18607603
-4.17417417      -0.17417417      -0.17407094
-4.16216216      -0.16216216      -0.16206589
-4.15015015      -0.15015015      -0.15006087
-4.13813814      -0.13813814      -0.13805588
-4.12612613      -0.12612613      -0.12605092
-4.11411411      -0.11411411      -0.11404599
-4.10210210      -0.10210210      -0.10204109
-4.09009009      -0.09009009      -0.09003620
-4.07807808      -0.07807808      -0.07803134
-4.06606607      -0.06606607      -0.06602649
-4.05405405      -0.05405405      -0.05402165
-4.04204204      -0.04204204      -0.04201683
-4.03003003      -0.03003003      -0.03001201
-4.01801802      -0.01801802      -0.01800721
-4.00600601      -0.00600601      -0.00600240
-3.99399399       0.00600601       0.00600240
-3.98198198       0.01801802       0.01800721
-3.96996997       0.03003003       0.03001201
-3.95795796       0.04204204       0.04201683
-3.94594595       0.05405405       0.05402165
-3.93393393       0.06606607       0.06602649
-3.92192192       0.07807808       0.07803134
-3.90990991       0.09009009       0.09003620
-3.89789790       0.10210210       0.10204109
-3.88588589       0.11411411       0.11404599
-3.87387387       0.12612613       0.12605092
-3.86186186       0.13813814       0.13805588
-3.84984985       0.15015015       0.15006087
-3.83783784       0.16216216       0.16206589
-3.82582583       0.17417417       0.17407094
-3.81381381       0.18618619       0.18607603
-3.80180180       0.19819820       0.19808116
-3.78978979       0.21021021       0.21008633
-3.77777778       0.22222222       0.22209155
-3.76576577       0.23423423       0.23409681
-3.75375375       0.24624625       0.24610212
-3.74174174       0.25825826       0.25810748
-3.72972973       0.27027027       0.27011290
-3.71771772       0.28228228       0.28211837
-3.70570571       0.29429429       0.29412390
-3.69369369       0.30630631       0.30612949
-3.68168168       0.31831832       0.31813515
-3.66966967       0.33033033       0.33014086
-3.65765766       0.34234234       0.34214665
-3.64564565       0.35435435       0.35415251
-3.63363363       0.36636637       0.36615844
-3.62162162       0.37837838       0.37816444
-3.60960961       0.39039039       0.39017052
-3.59759760       0.40240240       0.40217668
-3.58558559       0.41441441       0.41418292
-3.57357357       0.42642643       0.42618924
-3.56156156       0.43843844       0.43819565
-3.54954955       0.45045045       0.45020214
-3.53753754       0.46246246       0.46220872
-3.52552553       0.47447447       0.47421540
-3.51351351       0.48648649       0.48622216
-3.50150150       0.49849850       0.49822902
-3.48948949       0.51051051       0.51023598
-3.47747748       0.52252252       0.52224303
-3.46546547       0.53453453       0.53425019
-3.45345345       0.54654655       0.54625745
-3.44144144       0.55855856       0.55826481
-3.42942943       0.57057057       0.57027227
-3.41741742       0.58258258       0.58227985
-3.40540541       0.59459459       0.59428753
-3.39339339       0.60660661       0.60629532
-3.38138138       0.61861862       0.61830323
-3.36936937       0.63063063       0.63031125
-3.35735736       0.64264264       0.64231938
-3.34534535       0.65465465       0.65432764
-3.33333333       0.66666667       0.66633601
-3.32132132       0.67867868       0.67834450
-3.30930931       0.69069069       0.69035312
-3.29729730       0.70270270       0.70236185
-3.28528529       0.71471471       0.71437072
-3.27327327       0.72672673       0.72637971
-3.26126126       0.73873874       0.73838884
-3.24924925       0.75075075       0.75039809
-3.23723724       0.76276276       0.76240748
-3.22522523       0.77477477       0.77441701
-3.21321321       0.78678679       0.78642669
-3.20120120       0.79879880       0.79843651
-3.18918919       0.81081081       0.81044648
-3.17717718       0.82282282       0.82245661
-3.16516517       0.83483483       0.83446691
-3.15315315       0.84684685       0.84647739
-3.14114114       0.85885886       0.85848808
-3.12912913       0.87087087       0.87049900
-3.11711712       0.88288288       0.88251019
-3.10510511       0.89489489       0.89452172
-3.09309309       0.90690691       0.90653371
-3.08108108       0.91891892       0.91854638
-3.06906907       0.93093093       0.93056012
-3.05705706       0.94294294       0.94257581
-3.04504505       0.95495495       0.95459566
-3.03303303       0.96696697       0.96662654
-3.02102102       0.97897898       0.97869994
-3.00900901       0.99099099       0.99117115
-2.99699700       0.00000000       0.00439578
-2.98498498       0.00000000      -0.00017333
-2.97297297       0.00000000      -0.00031645
-2.96096096       0.00000000      -0.00034972
-2.94894895       0.00000000      -0.00036216
-2.93693694       0.00000000      -0.00036784
-2.92492492       0.00000000      -0.00037062
-2.91291291       0.00000000      -0.00037191
-2.90090090       0.00000000      -0.00037232
-2.88888889       0.00000000      -0.00037216
-2.87687688       0.00000000      -0.00037158
-2.86486486       0.00000000      -0.00037068
-2.85285285       0.00000000      -0.00036952
-2.84084084       0.00000000      -0.00036814
-2.82882883       0.00000000      -0.00036656
-2.81681682       0.00000000      -0.00036480
-2.80480480       0.00000000      -0.00036287
-2.79279279       0.00000000      -0.00036078
-2.78078078       0.00000000      -0.00035854
-2.76876877       0.00000000      -0.00035615
-2.75675676       0.00000000      -0.00035362
-2.74474474       0.00000000      -0.00035095
-2.73273273       0.00000000      -0.00034815
-2.72072072       0.00000000      -0.00034521
-2.70870871       0.00000000      -0.00034214
-2.69669670       0.00000000      -0.00033894
-2.68468468       0.00000000      -0.00033562
-2.67267267       0.00000000      -0.00033217
-2.66066066       0.00000000      -0.00032861
-2.64864865       0.00000000      -0.00032492
-2.63663664       0.00000000      -0.00032111
-2.62462462       0.00000000      -0.00031718
-2.61261261       0.00000000      -0.00031314
-2.60060060       0.00000000      -0.00030899
-2.58858859       0.00000000      -0.00030472
-2.57657658       0.00000000      -0.00030034
-2.56456456       0.00000000      -0.00029586
-2.55255255       0.00000000      -0.00029127
-2.54054054       0.00000000      -0.00028657
-2.52852853       0.00000000      -0.00028177
-2.51651652       0.00000000      -0.00027687
-2.50450450       0.00000000      -0.00027187
-2.49249249       0.00000000      -0.00026677
-2.48048048       0.00000000      -0.00026158
-2.46846847       0.00000000      -0.00025629
-2.45645646       0.00000000      -0.00025091
-2.44444444       0.00000000      -0.00024544
-2.43243243       0.00000000      -0.00023988
-2.42042042       0.00000000      -0.00023424
-2.40840841       0.00000000      -0.00022851
-2.39639640       0.00000000      -0.00022270
-2.38438438       0.00000000      -0.00021681
-2.37237237       0.00000000      -0.00021084
-2.36036036       0.00000000      -0.00020480
-2.34834835       0.00000000      -0.00019869
-2.33633634       0.00000000      -0.00019250
-2.32432432       0.00000000      -0.00018625
-2.31231231       0.00000000      -0.00017992
-2.30030030       0.00000000      -0.00017354
-2.28828829       0.00000000      -0.00016709
-2.27627628       0.00000000      -0.00016058
-2.26426426       0.00000000      -0.00015402
-2.25225225       0.00000000      -0.00014740
-2.24024024       0.00000000      -0.00014073
-2.22822823       0.00000000      -0.00013400
-2.21621622       0.00000000      -0.00012723
-2.20420420       0.00000000      -0.00012042
-2.19219219       0.00000000      -0.00011356
-2.18018018       0.00000000      -0.00010666
-2.16816817       0.00000000      -0.00009972
-2.15615616       0.00000000      -0.00009275
-2.14414414       0.00000000      -0.00008574
-2.13213213       0.00000000      -0.00007870
-2.12012012       0.00000000      -0.00007164
-2.10810811       0.00000000      -0.00006455
-2.09609610       0.00000000      -0.00005743
-2.08408408       0.00000000      -0.00005030
-2.07207207       0.00000000      -0.00004315
-2.06006006       0.00000000      -0.00003598
-2.04804805       0.00000000      -0.00002880
-2.03603604       0.00000000      -0.00002161
-2.02402402       0.00000000      -0.00001441
-2.01201201       0.00000000      -0.00000721
-2.00000000       0.00000000       0.00000000
-1.98798799       0.00000000       0.00000721
-1.97597598       0.00000000       0.00001441
-1.96396396       0.00000000       0.00002161
-1.95195195       0.00000000       0.00002880
-1.93993994       0.00000000       0.00003598
-1.92792793       0.00000000       0.00004315
-1.91591592       0.00000000       0.00005030
-1.90390390       0.00000000       0.00005743
-1.89189189       0.00000000       0.00006455
-1.87987988       0.00000000       0.00007164
-1.86786787       0.00000000       0.00007870
-1.85585586       0.00000000       0.00008574
-1.84384384       0.00000000       0.00009275
-1.83183183       0.00000000       0.00009972
-1.81981982       0.00000000       0.00010666
-1.80780781       0.00000000       0.00011356
-1.79579580       0.00000000       0.00012042
-1.78378378       0.00000000       0.00012723
-1.77177177       0.00000000       0.00013400
-1.75975976       0.00000000       0.00014073
-1.74774775       0.00000000       0.00014740
-1.73573574       0.00000000       0.00015402
-1.72372372       0.00000000       0.00016058
-1.71171171       0.00000000       0.00016709
-1.69969970       0.00000000       0.00017354
-1.68768769       0.00000000       0.00017992
-1.67567568       0.00000000       0.00018625
-1.66366366       0.00000000       0.00019250
-1.65165165       0.00000000       0.00019869
-1.63963964       0.00000000       0.00020480
-1.62762763       0.00000000       0.00021084
-1.61561562       0.00000000       0.00021681
-1.60360360       0.00000000       0.00022270
-1.59159159       0.00000000       0.00022851
-1.57957958       0.00000000       0.00023424
-1.56756757       0.00000000       0.00023988
-1.55555556       0.00000000       0.00024544
-1.54354354       0.00000000       0.00025091
-1.53153153       0.00000000       0.00025629
-1.51951952       0.00000000       0.00026158
-1.50750751       0.00000000       0.00026677
-1.49549550       0.00000000       0.00027187
-1.48348348       0.00000000       0.00027687
-1.47147147       0.00000000       0.00028177
-1.45945946       0.00000000       0.00028657
-1.44744745       0.00000000       0.00029127
-1.43543544       0.00000000       0.00029586
-1.42342342       0.00000000       0.00030034
-1.41141141       0.00000000       0.00030472
-1.39939940       0.00000000       0.00030899
-1.38738739       0.00000000       0.00031314
-1.37537538       0.00000000       0.00031718
-1.36336336       0.00000000       0.00032111
-1.35135135       0.00000000       0.00032492
-1.33933934       0.00000000       0.00032861
-1.32732733       0.00000000       0.00033217
-1.31531532       0.00000000       0.00033562
-1.30330330       0.00000000       0.00033894
-1.29129129       0.00000000       0.00034214
-1.27927928       0.00000000       0.00034521
-1.26726727       0.00000000       0.00034815
-1.25525526       0.00000000       0.00035095
-1.24324324       0.00000000       0.00035362
-1.23123123       0.00000000       0.00035615
-1.21921922       0.00000000       0.00035854
-1.20720721       0.00000000       0.00036078
-1.19519520       0.00000000       0.00036287
-1.18318318       0.00000000       0.00036480
-1.17117117       0.00000000       0.00036656
-1.15915916       0.00000000       0.00036814
-1.14714715       0.00000000       0.00036952
-1.13513514       0.00000000       0.00037068
-1.12312312       0.00000000       0.00037158
-1.11111111       0.00000000       0.00037216
-1.09909910       0.00000000       0.00037232
-1.08708709       0.00000000       0.00037191
-1.07507508       0.00000000       0.00037062
-1.06306306       0.00000000       0.00036784
-1.05105105       0.00000000       0.00036216
-1.03903904       0.00000000       0.00034972
-1.02702703       0.00000000       0.00031645
-1.01501502       0.00000000       0.00017333
-1.00300300       0.00000000      -0.00439578
-0.99099099      -0.99099099      -0.99117115
-0.97897898      -0.97897898      -0.97869994
-0.96696697      -0.96696697      -0.96662654
-0.95495495      -0.95495495      -0.95459566
-0.94294294      -0.94294294      -0.94257581
-0.93093093      -0.93093093      -0.93056012
-0.91891892      -0.91891892      -0.91854638
-0.90690691      -0.90690691      -0.90653371
-0.89489489      -0.89489489      -0.89452172
-0.88288288      -0.88288288      -0.88251019
-0.87087087      -0.87087087      -0.87049900
-0.85885886      -0.85885886      -0.85848808
-0.84684685      -0.84684685      -0.84647739
-0.83483483      -0.83483483      -0.83446691
-0.82282282      -0.82282282      -0.82245661
-0.81081081      -0.81081081      -0.81044648
-0.79879880      -0.79879880      -0.79843651
-0.78678679      -0.78678679      -0.78642669
-0.77477477      -0.77477477      -0.77441701
-0.76276276      -0.76276276      -0.76240748
-0.75075075      -0.75075075      -0.75039809
-0.73873874      -0.73873874      -0.73838884
-0.72672673      -0.72672673      -0.72637971
-0.71471471      -0.71471471      -0.71437072
-0.70270270      -0.70270270      -0.70236185
-0.69069069      -0.69069069      -0.69035312
-0.67867868      -0.67867868      -0.67834450
-0.66666667      -0.66666667      -0.66633601
-0.65465465      -0.65465465      -0.65432764
-0.64264264      -0.64264264      -0.64231938
-0.63063063      -0.63063063      -0.63031125
-0.61861862      -0.61861862      -0.61830323
-0.60660661      -0.60660661      -0.60629532
-0.59459459      -0.59459459      -0.59428753
-0.58258258      -0.58258258      -0.58227985
-0.57057057      -0.57057057      -0.57027227
-0.55855856      -0.55855856      -0.55826481
-0.54654655      -0.54654655      -0.54625745
-0.53453453      -0.53453453      -0.53425019
-0.52252252      -0.52252252      -0.52224303
-0.51051051      -0.51051051      -0.51023598
-0.49849850      -0.49849850      -0.49822902
-0.48648649      -0.48648649      -0.48622216
-0.47447447      -0.47447447      -0.47421540
-0.46246246      -0.46246246      -0.46220872
-0.45045045      -0.45045045      -0.45020214
-0.43843844      -0.43843844      -0.43819565
-0.42642643      -0.42642643      -0.42618924
-0.41441441      -0.41441441      -0.41418292
-0.40240240      -0.40240240      -0.40217668
-0.39039039      -0.39039039      -0.39017052
-0.37837838      -0.37837838      -0.37816444
-0.36636637      -0.36636637      -0.36615844
-0.35435435      -0.35435435      -0.35415251
-0.34234234      -0.34234234      -0.34214665
-0.33033033      -0.33033033      -0.33014086
-0.31831832      -0.31831832      -0.31813515
-0.30630631      -0.30630631      -0.30612949
-0.29429429      -0.29429429      -0.29412390
-0.28228228      -0.28228228      -0.28211837
-0.27027027      -0.27027027      -0.27011290
-0.25825826      -0.25825826      -0.25810748
-0.24624625      -0.24624625      -0.24610212
-0.23423423      -0.23423423      -0.23409681
-0.22222222      -0.22222222      -0.22209155
-0.21021021      -0.21021021      -0.21008633
-0.19819820      -0.19819820      -0.19808116
-0.18618619      -0.18618619      -0.18607603
-0.17417417      -0.17417417      -0.17407094
-0.16216216      -0.16216216      -0.16206589
-0.15015015      -0.15015015      -0.15006087
-0.13813814      -0.13813814      -0.13805588
-0.12612613      -0.12612613      -0.12605092
-0.11411411      -0.11411411      -0.11404599
-0.10210210      -0.10210210      -0.10204109
-0.09009009      -0.09009009      -0.09003620
-0.07807808      -0.07807808      -0.07803134
-0.06606607      -0.06606607      -0.06602649
-0.05405405      -0.05405405      -0.05402165
-0.04204204      -0.04204204      -0.04201683
-0.03003003      -0.03003003      -0.03001201
-0.01801802      -0.01801802      -0.01800721
-0.00600601      -0.00600601      -0.00600240
 0.00600601       0.00600601       0.00600240
 0.01801802       0.01801802       0.01800721
 0.03003003       0.03003003       0.03001201
 0.04204204       0.04204204       0.04201683
 0.05405405       0.05405405       0.05402165
 0.06606607       0.06606607       0.06602649
 0.07807808       0.07807808       0.07803134
 0.09009009       0.09009009       0.09003620
 0.10210210       0.10210210       0.10204109
 0.11411411       0.11411411       0.11404599
 0.12612613       0.12612613       0.12605092
 0.13813814       0.13813814       0.13805588
 0.15015015       0.15015015       0.15006087
 0.16216216       0.16216216       0.16206589
 0.17417417       0.17417417       0.17407094
 0.18618619       0.18618619       0.18607603
 0.19819820       0.19819820       0.19808116
 0.21021021       0.21021021       0.21008633
 0.22222222       0.22222222       0.22209155
 0.23423423       0.23423423       0.23409681
 0.24624625       0.24624625       0.24610212
 0.25825826       0.25825826       0.25810748
 0.27027027       0.27027027       0.27011290
 0.28228228       0.28228228       0.28211837
 0.29429429       0.29429429       0.29412390
 0.30630631       0.30630631       0.30612949
 0.31831832       0.31831832       0.31813515
 0.33033033       0.33033033       0.33014086
 0.34234234       0.34234234       0.34214665
 0.35435435       0.35435435       0.35415251
 0.36636637       0.36636637       0.36615844
 0.37837838       0.37837838       0.37816444
 0.39039039       0.39039039       0.39017052
 0.40240240       0.40240240       0.40217668
 0.41441441       0.41441441       0.41418292
 0.42642643       0.42642643       0.42618924
 0.43843844       0.43843844       0.43819565
 0.45045045       0.45045045       0.45020214
 0.46246246       0.46246246       0.46220872
 0.47447447       0.47447447       0.47421540
 0.48648649       0.48648649       0.48622216
 0.49849850       0.49849850       0.49822902
 0.51051051       0.51051051       0.51023598
 0.52252252       0.52252252       0.52224303
 0.53453453       0.53453453       0.53425019
 0.54654655       0.54654655       0.54625745
 0.55855856       0.55855856       0.55826481
 0.57057057       0.57057057       0.57027227
 0.58258258       0.58258258       0.58227985
 0.59459459       0.59459459       0.59428753
 0.60660661       0.60660661       0.60629532
 0.61861862       0.61861862       0.61830323
 0.63063063       0.63063063       0.63031125
 0.64264264       0.64264264       0.64231938
 0.65465465       0.65465465       0.65432764
 0.66666667       0.66666667       0.66633601
 0.67867868       0.67867868       0.67834450
 0.69069069       0.69069069       0.69035312
 0.70270270       0.70270270       0.70236185
 0.71471471       0.71471471       0.71437072
 0.72672673       0.72672673       0.72637971
 0.73873874       0.73873874       0.73838884
 0.75075075       0.75075075       0.75039809
 0.76276276       0.76276276       0.76240748
 0.77477477       0.77477477       0.77441701
 0.78678679       0.78678679       0.78642669
 0.79879880       0.79879880       0.79843651
 0.81081081       0.81081081       0.81044648
 0.82282282       0.82282282       0.82245661
 0.83483483       0.83483483       0.83446691
 0.84684685       0.84684685       0.84647739
 0.85885886       0.85885886       0.85848808
 0.87087087       0.87087087       0.87049900
 0.88288288       0.88288288       0.88251019
 0.89489489       0.89489489       0.89452172
 0.90690691       0.90690691       0.90653371
 0.91891892       0.91891892       0.91854638
 0.93093093       0.93093093       0.93056012
 0.94294294       0.94294294       0.94257581
 0.95495495       0.95495495       0.95459566
 0.96696697       0.96696697       0.96662654
 0.97897898       0.97897898       0.97869994
 0.99099099       0.99099099       0.99117115
 1.00300300       0.00000000       0.00439578
 1.01501502       0.00000000      -0.00017333
 1.02702703       0.00000000      -0.00031645
 1.03903904       0.00000000      -0.00034972
 1.05105105       0.00000000      -0.00036216
 1.06306306       0.00000000      -0.00036784
 1.07507508       0.00000000      -0.00037062
 1.08708709       0.00000000      -0.00037191
 1.09909910       0.00000000      -0.00037232
 1.11111111       0.00000000      -0.00037216
 1.12312312       0.00000000      -0.00037158
 1.13513514       0.00000000      -0.00037068
 1.14714715       0.00000000      -0.00036952
 1.15915916       0.00000000      -0.00036814
 1.17117117       0.00000000      -0.00036656
 1.18318318       0.00000000      -0.00036480
 1.19519520       0.00000000      -0.00036287
 1.20720721       0.00000000      -0.00036078
 1.21921922       0.00000000      -0.00035854
 1.23123123       0.00000000      -0.00035615
 1.24324324       0.00000000      -0.00035362
 1.25525526       0.00000000      -0.00035095
 1.26726727       0.00000000      -0.00034815
 1.27927928       0.00000000      -0.00034521
 1.29129129       0.00000000      -0.00034214
 1.30330330       0.00000000      -0.00033894
 1.31531532       0.00000000      -0.00033562
 1.32732733       0.00000000      -0.00033217
 1.33933934       0.00000000      -0.00032861
 1.35135135       0.00000000      -0.00032492
 1.36336336       0.00000000      -0.00032111
 1.37537538       0.00000000      -0.00031718
 1.38738739       0.00000000      -0.00031314
 1.39939940       0.00000000      -0.00030899
 1.41141141       0.00000000      -0.00030472
 1.42342342       0.00000000      -0.00030034
 1.43543544       0.00000000      -0.00029586
 1.44744745       0.00000000      -0.00029127
 1.45945946       0.00000000      -0.00028657
 1.47147147       0.00000000      -0.00028177
 1.48348348       0.00000000      -0.00027687
 1.49549550       0.00000000      -0.00027187
 1.50750751       0.00000000      -0.00026677
 1.51951952       0.00000000      -0.00026158
 1.53153153       0.00000000      -0.00025629
 1.54354354       0.00000000      -0.00025091
 1.55555556       0.00000000      -0.00024544
 1.56756757       0.00000000      -0.00023988
 1.57957958       0.00000000      -0.00023424
 1.59159159       0.00000000      -0.00022851
 1.60360360       0.00000000      -0.00022270
 1.61561562       0.00000000      -0.00021681
 1.62762763       0.00000000      -0.00021084
 1.63963964       0.00000000      -0.00020480
 1.65165165       0.00000000      -0.00019869
 1.66366366       0.00000000      -0.00019250
 1.67567568       0.00000000      -0.00018625
 1.68768769       0.00000000      -0.00017992
 1.69969970       0.00000000      -0.00017354
 1.71171171       0.00000000      -0.00016709
 1.72372372       0.00000000      -0.00016058
 1.73573574       0.00000000      -0.00015402
 1.74774775       0.00000000      -0.00014740
 1.75975976       0.00000000      -0.00014073
 1.77177177       0.00000000      -0.00013400
 1.78378378       0.00000000      -0.00012723
 1.79579580       0.00000000      -0.00012042
 1.80780781       0.00000000      -0.00011356
 1.81981982       0.00000000      -0.00010666
 1.83183183       0.00000000      -0.00009972
 1.84384384       0.00000000      -0.00009275
 1.85585586       0.00000000      -0.00008574
 1.86786787       0.00000000      -0.00007870
 1.87987988       0.00000000      -0.00007164
 1.89189189       0.00000000      -0.00006455
 1.90390390       0.00000000      -0.00005743
 1.91591592       0.00000000      -0.00005030
 1.92792793       0.00000000      -0.00004315
 1.93993994       0.00000000      -0.00003598
 1.95195195       0.00000000      -0.00002880
 1.96396396       0.00000000      -0.00002161
 1.97597598       0.00000000      -0.00001441
 1.98798799       0.00000000      -0.00000721
 2.00000000       0.00000000      -0.00000000
 2.01201201       0.00000000       0.00000721
 2.02402402       0.00000000       0.00001441
 2.03603604       0.00000000       0.00002161
 2.04804805       0.00000000       0.00002880
 2.06006006       0.00000000       0.00003598
 2.07207207       0.00000000       0.00004315
 2.08408408       0.00000000       0.00005030
 2.09609610       0.00000000       0.00005743
 2.10810811       0.00000000       0.00006455
 2.12012012       0.00000000       0.00007164
 2.13213213       0.00000000       0.00007870
 2.14414414       0.00000000       0.00008574
 2.15615616       0.00000000       0.00009275
 2.16816817       0.00000000       0.00009972
 2.18018018       0.00000000       0.00010666
 2.19219219       0.00000000       0.00011356
 2.20420420       0.00000000       0.00012042
 2.21621622       0.00000000       0.00012723
 2.22822823       0.00000000       0.00013400
 2.24024024       0.00000000       0.00014073
 2.25225225       0.00000000       0.00014740
 2.26426426       0.00000000       0.00015402
 2.27627628       0.00000000       0.00016058
 2.28828829       0.00000000       0.00016709
 2.30030030       0.00000000       0.00017354
 2.31231231       0.00000000       0.00017992
 2.32432432       0.00000000       0.00018625
 2.33633634       0.00000000       0.00019250
 2.34834835       0.00000000       0.00019869
 2.36036036       0.00000000       0.00020480
 2.37237237       0.00000000       0.00021084
 2.38438438       0.00000000       0.00021681
 2.39639640       0.00000000       0.00022270
 2.40840841       0.00000000       0.00022851
 2.42042042       0.00000000       0.00023424
 2.43243243       0.00000000       0.00023988
 2.44444444       0.00000000       0.00024544
 2.45645646       0.00000000       0.00025091
 2.46846847       0.00000000       0.00025629
 2.48048048       0.00000000       0.00026158
 2.49249249       0.00000000       0.00026677
 2.50450450       0.00000000       0.00027187
 2.51651652       0.00000000       0.00027687
 2.52852853       0.00000000       0.00028177
 2.54054054       0.00000000       0.00028657
 2.55255255       0.00000000       0.00029127
 2.56456456       0.00000000       0.00029586
 2.57657658       0.00000000       0.00030034
 2.58858859       0.00000000       0.00030472
 2.60060060       0.00000000       0.00030899
 2.61261261       0.00000000       0.00031314
 2.62462462       0.00000000       0.00031718
 2.63663664       0.00000000       0.00032111
 2.64864865       0.00000000       0.00032492
 2.66066066       0.00000000       0.00032861
 2.67267267       0.00000000       0.00033217
 2.68468468       0.00000000       0.00033562
 2.69669670       0.00000000       0.00033894
 2.70870871       0.00000000       0.00034214
 2.72072072       0.00000000       0.00034521
 2.73273273       0.00000000       0.00034815
 2.74474474       0.00000000       0.00035095
 2.75675676       0.00000000       0.00035362
 2.76876877       0.00000000       0.00035615
 2.78078078       0.00000000       0.00035854
 2.79279279       0.00000000       0.00036078
 2.80480480       0.00000000       0.00036287
 2.81681682       0.00000000       0.00036480
 2.82882883       0.00000000       0.00036656
 2.84084084       0.00000000       0.00036814
 2.85285285       0.00000000       0.00036952
 2.86486486       0.00000000       0.00037068
 2.87687688       0.00000000       0.00037158
 2.88888889       0.00000000       0.00037216
 2.90090090       0.00000000       0.00037232
 2.91291291       0.00000000       0.00037191
 2.92492492       0.00000000       0.00037062
 2.93693694       0.00000000       0.00036784
 2.94894895       0.00000000       0.00036216
 2.96096096       0.00000000       0.00034972
 2.97297297       0.00000000       0.00031645
 2.98498498       0.00000000       0.00017333
 2.99699700       0.00000000      -0.00439578
 3.00900901      -0.99099099      -0.99117115
 3.02102102      -0.97897898      -0.97869994
 3.03303303      -0.96696697      -0.96662654
 3.04504505      -0.95495495      -0.95459566
 3.05705706      -0.94294294      -0.94257581
 3.06906907      -0.93093093      -0.93056012
 3.08108108      -0.91891892      -0.91854638
 3.09309309      -0.90690691      -0.90653371
 3.10510511      -0.89489489      -0.89452172
 3.11711712      -0.88288288      -0.88251019
 3.12912913      -0.87087087      -0.87049900
 3.14114114      -0.85885886      -0.85848808
 3.15315315      -0.84684685      -0.84647739
 3.16516517      -0.83483483      -0.83446691
 3.17717718      -0.82282282      -0.82245661
 3.18918919      -0.81081081      -0.81044648
 3.20120120      -0.79879880      -0.79843651
 3.21321321      -0.78678679      -0.78642669
 3.22522523      -0.77477477      -0.77441701
 3.23723724      -0.76276276      -0.76240748
 3.24924925      -0.75075075      -0.75039809
 3.26126126      -0.73873874      -0.73838884
 3.27327327      -0.72672673      -0.72637971
 3.28528529      -0.71471471      -0.71437072
 3.29729730      -0.70270270      -0.70236185
 3.30930931      -0.69069069      -0.69035312
 3.32132132      -0.67867868      -0.67834450
 3.33333333      -0.66666667      -0.66633601
 3.34534535      -0.65465465      -0.65432764
 3.35735736      -0.64264264      -0.64231938
 3.36936937      -0.63063063      -0.63031125
 3.38138138      -0.61861862      -0.61830323
 3.39339339      -0.60660661      -0.60629532
 3.40540541      -0.59459459      -0.59428753
 3.41741742      -0.58258258      -0.58227985
 3.42942943      -0.57057057      -0.57027227
 3.44144144      -0.55855856      -0.55826481
 3.45345345      -0.54654655      -0.54625745
 3.46546547      -0.53453453      -0.53425019
 3.47747748      -0.52252252      -0.52224303
 3.48948949      -0.51051051      -0.51023598
 3.50150150      -0.49849850      -0.49822902
 3.51351351      -0.48648649      -0.48622216
 3.52552553      -0.47447447      -0.47421540
 3.53753754      -0.46246246      -0.46220872
 3.54954955      -0.45045045      -0.45020214
 3.56156156      -0.43843844      -0.43819565
 3.57357357      -0.42642643      -0.42618924
 3.58558559      -0.41441441      -0.41418292
 3.59759760      -0.40240240      -0.40217668
 3.60960961      -0.39039039      -0.39017052
 3.62162162      -0.37837838      -0.37816444
 3.63363363      -0.36636637      -0.36615844
 3.64564565      -0.35435435      -0.35415251
 3.65765766      -0.34234234      -0.34214665
 3.66966967      -0.33033033      -0.33014086
 3.68168168      -0.31831832      -0.31813515
 3.69369369      -0.30630631      -0.30612949
 3.70570571      -0.29429429      -0.29412390
 3.71771772      -0.28228228      -0.28211837
 3.72972973      -0.27027027      -0.27011290
 3.74174174      -0.25825826      -0.25810748
 3.75375375      -0.24624625      -0.24610212
 3.76576577      -0.23423423      -0.23409681
 3.77777778      -0.22222222      -0.22209155
 3.78978979      -0.21021021      -0.21008633
 3.80180180      -0.19819820      -0.19808116
 3.81381381      -0.18618619      -0.18607603
 3.82582583      -0.17417417      -0.17407094
 3.83783784      -0.16216216      -0.16206589
 3.84984985      -0.15015015      -0.15006087
 3.86186186      -0.13813814      -0.13805588
 3.87387387      -0.12612613      -0.12605092
 3.88588589      -0.11411411      -0.11404599
 3.89789790      -0.10210210      -0.10204109
 3.90990991      -0.09009009      -0.09003620
 3.92192192      -0.07807808      -0.07803134
 3.93393393      -0.06606607      -0.06602649
 3.94594595      -0.05405405      -0.05402165
 3.95795796      -0.04204204      -0.04201683
 3.96996997      -0.03003003      -0.03001201
 3.98198198      -0.01801802      -0.01800721
 3.99399399      -0.00600601      -0.00600240
 4.00600601       0.00600601       0.00600240
 4.01801802       0.01801802       0.01800721
 4.03003003       0.03003003       0.03001201
 4.04204204       0.04204204       0.04201683
 4.05405405       0.05405405       0.05402165
 4.06606607       0.06606607       0.06602649
 4.07807808       0.07807808       0.07803134
 4.09009009       0.09009009       0.09003620
 4.10210210       0.10210210       0.10204109
 4.11411411       0.11411411       0.11404599
 4.12612613       0.12612613       0.12605092
 4.13813814       0.13813814       0.13805588
 4.15015015       0.15015015       0.15006087
 4.16216216       0.16216216       0.16206589
 4.17417417       0.17417417       0.17407094
 4.18618619       0.18618619       0.18607603
 4.19819820       0.19819820       0.19808116
 4.21021021       0.21021021       0.21008633
 4.22222222       0.22222222       0.22209155
 4.23423423       0.23423423       0.23409681
 4.24624625       0.24624625       0.24610212
 4.25825826       0.25825826       0.25810748
 4.27027027       0.27027027       0.27011290
 4.28228228       0.28228228       0.28211837
 4.29429429       0.29429429       0.29412390
 4.30630631       0.30630631       0.30612949
 4.31831832       0.31831832       0.31813515
 4.33033033       0.33033033       0.33014086
 4.34234234       0.34234234       0.34214665
 4.35435435       0.35435435       0.35415251
 4.36636637       0.36636637       0.36615844
 4.37837838       0.37837838       0.37816444
 4.39039039       0.39039039       0.39017052
 4.40240240       0.40240240       0.40217668
 4.41441441       0.41441441       0.41418292
 4.42642643       0.42642643       0.42618924
 4.43843844       0.43843844       0.43819565
 4.45045045       0.45045045       0.45020214
 4.46246246       0.46246246       0.46220872
 4.47447447       0.47447447       0.47421540
 4.48648649       0.48648649       0.48622216
 4.49849850       0.49849850       0.49822902
 4.51051051       0.51051051       0.51023598
 4.52252252       0.52252252       0.52224303
 4.53453453       0.53453453       0.53425019
 4.54654655       0.54654655       0.54625745
 4.55855856       0.55855856       0.55826481
 4.57057057       0.57057057       0.57027227
 4.58258258       0.58258258       0.58227985
 4.59459459       0.59459459       0.59428753
 4.60660661       0.60660661       0.60629532
 4.61861862       0.61861862       0.61830323
 4.63063063       0.63063063       0.63031125
 4.64264264       0.64264264       0.64231938
 4.65465465       0.65465465       0.65432764
 4.66666667       0.66666667       0.66633601
 4.67867868       0.67867868       0.67834450
 4.69069069       0.69069069       0.69035312
 4.70270270       0.70270270       0.70236185
 4.71471471       0.71471471       0.71437072
 4.72672673       0.72672673       0.72637971
 4.73873874       0.73873874       0.73838884
 4.75075075       0.75075075       0.75039809
 4.76276276       0.76276276       0.76240748
 4.77477477       0.77477477       0.77441701
 4.78678679       0.78678679       0.78642669
 4.79879880       0.79879880       0.79843651
 4.81081081       0.81081081       0.81044648
 4.82282282       0.82282282       0.82245661
 4.83483483       0.83483483       0.83446691
 4.84684685       0.84684685       0.84647739
 4.85885886       0.85885886       0.85848808
 4.87087087       0.87087087       0.87049900
 4.88288288       0.88288288       0.88251019
 4.89489489       0.89489489       0.89452172
 4.90690691       0.90690691       0.90653371
 4.91891892       0.91891892       0.91854638
 4.93093093       0.93093093       0.93056012
 4.94294294       0.94294294       0.94257581
 4.95495495       0.95495495       0.95459566
 4.96696697       0.96696697       0.96662654
 4.97897898       0.97897898       0.97869994
 4.99099099       0.99099099       0.99117115
 5.00300300       0.00000000       0.00439578
 5.01501502       0.00000000      -0.00017333
 5.02702703       0.00000000      -0.00031645
 5.03903904       0.00000000      -0.00034972
 5.05105105       0.00000000      -0.00036216
 5.06306306       0.00000000      -0.00036784
 5.07507508       0.00000000      -0.00037062
 5.08708709       0.00000000      -0.00037191
 5.09909910       0.00000000      -0.00037232
 5.11111111       0.00000000      -0.00037216
 5.12312312       0.00000000      -0.00037158
 5.13513514       0.00000000      -0.00037068
 5.14714715       0.00000000      -0.00036952
 5.15915916       0.00000000      -0.00036814
 5.17117117       0.00000000      -0.00036656
 5.18318318       0.00000000      -0.00036480
 5.19519520       0.00000000      -0.00036287
 5.20720721       0.00000000      -0.00036078
 5.21921922       0.00000000      -0.00035854
 5.23123123       0.00000000      -0.00035615
 5.24324324       0.00000000      -0.00035362
 5.25525526       0.00000000      -0.00035095
 5.26726727       0.00000000      -0.00034815
 5.27927928       0.00000000      -0.00034521
 5.29129129       0.00000000      -0.00034214
 5.30330330       0.00000000      -0.00033894
 5.31531532       0.00000000      -0.00033562
 5.32732733       0.00000000      -0.00033217
 5.33933934       0.00000000      -0.00032861
 5.35135135       0.00000000      -0.00032492
 5.36336336       0.00000000      -0.00032111
 5.37537538       0.00000000      -0.00031718
 5.38738739       0.00000000      -0.00031314
 5.39939940       0.00000000      -0.00030899
 5.41141141       0.00000000      -0.00030472
 5.42342342       0.00000000      -0.00030034
 5.43543544       0.00000000      -0.00029586
 5.44744745       0.00000000      -0.00029127
 5.45945946       0.00000000      -0.00028657
 5.47147147       0.00000000      -0.00028177
 5.48348348       0.00000000      -0.00027687
 5.49549550       0.00000000      -0.00027187
 5.50750751       0.00000000      -0.00026677
 5.51951952       0.00000000      -0.00026158
 5.53153153       0.00000000      -0.00025629
 5.54354354       0.00000000      -0.00025091
 5.55555556       0.00000000      -0.00024544
 5.56756757       0.00000000      -0.00023988
 5.57957958       0.00000000      -0.00023424
 5.59159159       0.00000000      -0.00022851
 5.60360360       0.00000000      -0.00022270
 5.61561562       0.00000000      -0.00021681
 5.62762763       0.00000000      -0.00021084
 5.63963964       0.00000000      -0.00020480
 5.65165165       0.00000000      -0.00019869
 5.66366366       0.00000000      -0.00019250
 5.67567568       0.00000000      -0.00018625
 5.68768769       0.00000000      -0.00017992
 5.69969970       0.00000000      -0.00017354
 5.71171171       0.00000000      -0.00016709
 5.72372372       0.00000000      -0.00016058
 5.73573574       0.00000000      -0.00015402
 5.74774775       0.00000000      -0.00014740
 5.75975976       0.00000000      -0.00014073
 5.77177177       0.00000000      -0.00013400
 5.78378378       0.00000000      -0.00012723
 5.79579580       0.00000000      -0.00012042
 5.80780781       0.00000000      -0.00011356
 5.81981982       0.00000000      -0.00010666
 5.83183183       0.00000000      -0.00009972
 5.84384384       0.00000000      -0.00009275
 5.85585586       0.00000000      -0.00008574
 5.86786787       0.00000000      -0.00007870
 5.87987988       0.00000000      -0.00007164
 5.89189189       0.00000000      -0.00006455
 5.90390390       0.00000000      -0.00005743
 5.91591592       0.00000000      -0.00005030
 5.92792793       0.00000000      -0.00004315
 5.93993994       0.00000000      -0.00003598
 5.95195195       0.00000000      -0.00002880
 5.96396396       0.00000000      -0.00002161
 5.97597598       0.00000000      -0.00001441
 5.98798799       0.00000000      -0.00000721
 6.00000000       0.00000000       0.00000000
