-6.00000000       0.00000000       0.00000000
-5.98798799       0.00000000      -0.00566945
-5.97597598       0.00000000      -0.01075978
-5.96396396       0.00000000      -0.01475023
-5.95195195       0.00000000      -0.01723083
-5.93993994       0.00000000      -0.01794402
-5.92792793       0.00000000      -0.01681095
-5.91591592       0.00000000      -0.01394003
-5.90390390       0.00000000      -0.00961674
-5.89189189       0.00000000      -0.00427571
-5.87987988       0.00000000       0.00154236
-5.86786787       0.00000000       0.00724461
-5.85585586       0.00000000       0.01224554
-5.84384384       0.00000000       0.01602618
-5.83183183       0.00000000       0.01818713
-5.81981982       0.00000000       0.01849005
-5.80780781       0.00000000       0.01688332
-5.79579580       0.00000000       0.01350940
-5.78378378       0.00000000       0.00869259
-5.77177177       0.00000000       0.00290857
-5.75975976       0.00000000      -0.00326172
-5.74774775       0.00000000      -0.00918940
-5.73573574       0.00000000      -0.01426056
-5.72372372       0.00000000      -0.01793863
-5.71171171       0.00000000      -0.01982002
-5.69969970       0.00000000      -0.01967730
-5.68768769       0.00000000      -0.01748548
-5.67567568       0.00000000      -0.01342851
-5.66366366       0.00000000      -0.00788483
-5.65165165       0.00000000      -0.00139321
-5.63963964       0.00000000       0.00539825
-5.62762763       0.00000000       0.01179528
-5.61561562       0.00000000       0.01712662
-5.60360360       0.00000000       0.02081259
-5.59159159       0.00000000       0.02242624
-5.57957958       0.00000000       0.02174077
-5.56756757       0.00000000       0.01875819
-5.55555556       0.00000000       0.01371591
-5.54354354       0.00000000       0.00706993
-5.53153153       0.00000000      -0.00054434
-5.51951952       0.00000000      -0.00837042
-5.50750751       0.00000000      -0.01560316
-5.49549550       0.00000000      -0.02146842
-5.48348348       0.00000000      -0.02530255
-5.47147147       0.00000000      -0.02662377
-5.45945946       0.00000000      -0.02518810
-5.44744745       0.00000000      -0.02102395
-5.43543544       0.00000000      -0.01444099
-5.42342342       0.00000000      -0.00601159
-5.41141141       0.00000000       0.00347469
-5.39939940       0.00000000       0.01308008
-5.38738739       0.00000000       0.02180550
-5.37537538       0.00000000       0.02868779
-5.36336336       0.00000000       0.03289835
-5.35135135       0.00000000       0.03383380
-5.33933934       0.00000000       0.03118964
-5.32732733       0.00000000       0.02500903
-5.31531532       0.00000000       0.01570070
-5.30330330       0.00000000       0.00402268
-5.29129129       0.00000000      -0.00896852
-5.27927928       0.00000000      -0.02200060
-5.26726727       0.00000000      -0.03369431
-5.25525526       0.00000000      -0.04269008
-5.24324324       0.00000000      -0.04778216
-5.23123123       0.00000000      -0.04804892
-5.21921922       0.00000000      -0.04296751
-5.20720721       0.00000000      -0.03250235
-5.19519520       0.00000000      -0.01715817
-5.18318318       0.00000000       0.00200862
-5.17117117       0.00000000       0.02342355
-5.15915916       0.00000000       0.04507213
-5.14714715       0.00000000       0.06461831
-5.13513514       0.00000000       0.07955565
-5.12312312       0.00000000       0.08738075
-5.11111111       0.00000000       0.08577625
-5.09909910       0.00000000       0.07278951
-5.08708709       0.00000000       0.04699315
-5.07507508       0.00000000       0.00761445
-5.06306306       0.00000000      -0.04537697
-5.05105105       0.00000000      -0.11123117
-5.03903904       0.00000000      -0.18843336
-5.02702703       0.00000000      -0.27477318
-5.01501502       0.00000000      -0.36746340
-5.00300300       0.00000000      -0.46330025
-4.99099099      -0.99099099      -0.55885420
-4.97897898      -0.97897898      -0.65067751
-4.96696697      -0.96696697      -0.73551384
-4.95495495      -0.95495495      -0.81049454
-4.94294294      -0.94294294      -0.87330792
-4.93093093      -0.93093093      -0.92232906
-4.91891892      -0.91891892      -0.95670164
-4.90690691      -0.90690691      -0.97636617
-4.89489489      -0.89489489      -0.98203365
-4.88288288      -0.88288288      -0.97510758
-4.87087087      -0.87087087      -0.95756110
-4.85885886      -0.85885886      -0.93177947
-4.84684685      -0.84684685      -0.90038032
-4.83483483      -0.83483483      -0.86602564
-4.82282282      -0.82282282      -0.83123987
-4.81081081      -0.81081081      -0.79824717
-4.79879880      -0.79879880      -0.76883970
-4.78678679      -0.78678679      -0.74428535
-4.77477477      -0.77477477      -0.72528038
-4.76276276      -0.76276276      -0.71194853
-4.75075075      -0.75075075      -0.70388450
-4.73873874      -0.73873874      -0.70023610
-4.72672673      -0.72672673      -0.69981661
-4.71471471      -0.71471471      -0.70123663
-4.70270270      -0.70270270      -0.70304383
-4.69069069      -0.69069069      -0.70385832
-4.67867868      -0.67867868      -0.70249284
-4.66666667      -0.66666667      -0.69804833
-4.65465465      -0.65465465      -0.68997792
-4.64264264      -0.64264264      -0.67811566
-4.63063063      -0.63063063      -0.66266917
-4.61861862      -0.61861862      -0.64417878
-4.60660661      -0.60660661      -0.62344838
-4.59459459      -0.59459459      -0.60145566
-4.58258258      -0.58258258      -0.57925067
-4.57057057      -0.57057057      -0.55785256
-4.55855856      -0.55855856      -0.53815401
-4.54654655      -0.54654655      -0.52084167
-4.53453453      -0.53453453      -0.50633945
-4.52252252      -0.52252252      -0.49477895
-4.51051051      -0.51051051      -0.48599865
-4.49849850      -0.49849850      -0.47957102
-4.48648649      -0.48648649      -0.47485380
-4.47447447      -0.47447447      -0.47106003
-4.46246246      -0.46246246      -0.46733936
-4.45045045      -0.45045045      -0.46286278
-4.43843844      -0.43843844      -0.45690252
-4.42642643      -0.42642643      -0.44889976
-4.41441441      -0.41441441      -0.43851399
-4.40240240      -0.40240240      -0.42564992
-4.39039039      -0.39039039      -0.41045994
-4.37837838      -0.37837838      -0.39332250
-4.36636637      -0.36636637      -0.37479924
-4.35435435      -0.35435435      -0.35557530
-4.34234234      -0.34234234      -0.33638914
-4.33033033      -0.33033033      -0.31795875
-4.31831832      -0.31831832      -0.30091146
-4.30630631      -0.30630631      -0.28572414
-4.29429429      -0.29429429      -0.27267925
-4.28228228      -0.28228228      -0.26184074
-4.27027027      -0.27027027      -0.25305174
-4.25825826      -0.25825826      -0.24595400
-4.24624625      -0.24624625      -0.24002661
-4.23423423      -0.23423423      -0.23464014
-4.22222222      -0.22222222      -0.22912054
-4.21021021      -0.21021021      -0.22281650
-4.19819820      -0.19819820      -0.21516370
-4.18618619      -0.18618619      -0.20573961
-4.17417417      -0.17417417      -0.19430368
-4.16216216      -0.16216216      -0.18081918
-4.15015015      -0.15015015      -0.16545468
-4.13813814      -0.13813814      -0.14856528
-4.12612613      -0.12612613      -0.13065566
-4.11411411      -0.11411411      -0.11232861
-4.10210210      -0.10210210      -0.09422433
-4.09009009      -0.09009009      -0.07695646
-4.07807808      -0.07807808      -0.06105114
-4.06606607      -0.06606607      -0.04689506
-4.05405405      -0.05405405      -0.03469764
-4.04204204      -0.04204204      -0.02447087
-4.03003003      -0.03003003      -0.01602878
-4.01801802      -0.01801802      -0.00900653
-4.00600601      -0.00600601      -0.00289724
-3.99399399       0.00600601       0.00289724
-3.98198198       0.01801802       0.00900653
-3.96996997       0.03003003       0.01602878
-3.95795796       0.04204204       0.02447087
-3.94594595       0.05405405       0.03469764
-3.93393393       0.06606607       0.04689506
-3.92192192       0.07807808       0.06105114
-3.90990991       0.09009009       0.07695646
-3.89789790       0.10210210       0.09422433
-3.88588589       0.11411411       0.11232861
-3.87387387       0.12612613       0.13065566
-3.86186186       0.13813814       0.14856528
-3.84984985       0.15015015       0.16545468
-3.83783784       0.16216216       0.18081918
-3.82582583       0.17417417       0.19430368
-3.81381381       0.18618619       0.20573961
-3.80180180       0.19819820       0.21516370
-3.78978979       0.21021021       0.22281650
-3.77777778       0.22222222       0.22912054
-3.76576577       0.23423423       0.23464014
-3.75375375       0.24624625       0.24002661
-3.74174174       0.25825826       0.24595400
-3.72972973       0.27027027       0.25305174
-3.71771772       0.28228228       0.26184074
-3.70570571       0.29429429       0.27267925
-3.69369369       0.30630631       0.28572414
-3.68168168       0.31831832       0.30091146
-3.66966967       0.33033033       0.31795875
-3.65765766       0.34234234       0.33638914
-3.64564565       0.35435435       0.35557530
-3.63363363       0.36636637       0.37479924
-3.62162162       0.37837838       0.39332250
-3.60960961       0.39039039       0.41045994
-3.59759760       0.40240240       0.42564992
-3.58558559       0.41441441       0.43851399
-3.57357357       0.42642643       0.44889976
-3.56156156       0.43843844       0.45690252
-3.54954955       0.45045045       0.46286278
-3.53753754       0.46246246       0.46733936
-3.52552553       0.47447447       0.47106003
-3.51351351       0.48648649       0.47485380
-3.50150150       0.49849850       0.47957102
-3.48948949       0.51051051       0.48599865
-3.47747748       0.52252252       0.49477895
-3.46546547       0.53453453       0.50633945
-3.45345345       0.54654655       0.52084167
-3.44144144       0.55855856       0.53815401
-3.42942943       0.57057057       0.55785256
-3.41741742       0.58258258       0.57925067
-3.40540541       0.59459459       0.60145566
-3.39339339       0.60660661       0.62344838
-3.38138138       0.61861862       0.64417878
-3.36936937       0.63063063       0.66266917
-3.35735736       0.64264264       0.67811566
-3.34534535       0.65465465       0.68997792
-3.33333333       0.66666667       0.69804833
-3.32132132       0.67867868       0.70249284
-3.30930931       0.69069069       0.70385832
-3.29729730       0.70270270       0.70304383
-3.28528529       0.71471471       0.70123663
-3.27327327       0.72672673       0.69981661
-3.26126126       0.73873874       0.70023610
-3.24924925       0.75075075       0.70388450
-3.23723724       0.76276276       0.71194853
-3.22522523       0.77477477       0.72528038
-3.21321321       0.78678679       0.74428535
-3.20120120       0.79879880       0.76883970
-3.18918919       0.81081081       0.79824717
-3.17717718       0.82282282       0.83123987
-3.16516517       0.83483483       0.86602564
-3.15315315       0.84684685       0.90038032
-3.14114114       0.85885886       0.93177947
-3.12912913       0.87087087       0.95756110
-3.11711712       0.88288288       0.97510758
-3.10510511       0.89489489       0.98203365
-3.09309309       0.90690691       0.97636617
-3.08108108       0.91891892       0.95670164
-3.06906907       0.93093093       0.92232906
-3.05705706       0.94294294       0.87330792
-3.04504505       0.95495495       0.81049454
-3.03303303       0.96696697       0.73551384
-3.02102102       0.97897898       0.65067751
-3.00900901       0.99099099       0.55885420
-2.99699700       0.00000000       0.46330025
-2.98498498       0.00000000       0.36746340
-2.97297297       0.00000000       0.27477318
-2.96096096       0.00000000       0.18843336
-2.94894895       0.00000000       0.11123117
-2.93693694       0.00000000       0.04537697
-2.92492492       0.00000000      -0.00761445
-2.91291291       0.00000000      -0.04699315
-2.90090090       0.00000000      -0.07278951
-2.88888889       0.00000000      -0.08577625
-2.87687688       0.00000000      -0.08738075
-2.86486486       0.00000000      -0.07955565
-2.85285285       0.00000000      -0.06461831
-2.84084084       0.00000000      -0.04507213
-2.82882883       0.00000000      -0.02342355
-2.81681682       0.00000000      -0.00200862
-2.80480480       0.00000000       0.01715817
-2.79279279       0.00000000       0.03250235
-2.78078078       0.00000000       0.04296751
-2.76876877       0.00000000       0.04804892
-2.75675676       0.00000000       0.04778216
-2.74474474       0.00000000       0.04269008
-2.73273273       0.00000000       0.03369431
-2.72072072       0.00000000       0.02200060
-2.70870871       0.00000000       0.00896852
-2.69669670       0.00000000      -0.00402268
-2.68468468       0.00000000      -0.01570070
-2.67267267       0.00000000      -0.02500903
-2.66066066       0.00000000      -0.03118964
-2.64864865       0.00000000      -0.03383380
-2.63663664       0.00000000      -0.03289835
-2.62462462       0.00000000      -0.02868779
-2.61261261       0.00000000      -0.02180550
-2.60060060       0.00000000      -0.01308008
-2.58858859       0.00000000      -0.00347469
-2.57657658       0.00000000       0.00601159
-2.56456456       0.00000000       0.01444099
-2.55255255       0.00000000       0.02102395
-2.54054054       0.00000000       0.02518810
-2.52852853       0.00000000       0.02662377
-2.51651652       0.00000000       0.02530255
-2.50450450       0.00000000       0.02146842
-2.49249249       0.00000000       0.01560316
-2.48048048       0.00000000       0.00837042
-2.46846847       0.00000000       0.00054434
-2.45645646       0.00000000      -0.00706993
-2.44444444       0.00000000      -0.01371591
-2.43243243       0.00000000      -0.01875819
-2.42042042       0.00000000      -0.02174077
-2.40840841       0.00000000      -0.02242624
-2.39639640       0.00000000      -0.02081259
-2.38438438       0.00000000      -0.01712662
-2.37237237       0.00000000      -0.01179528
-2.36036036       0.00000000      -0.00539825
-2.34834835       0.00000000       0.00139321
-2.33633634       0.00000000       0.00788483
-2.32432432       0.00000000       0.01342851
-2.31231231       0.00000000       0.01748548
-2.30030030       0.00000000       0.01967730
-2.28828829       0.00000000       0.01982002
-2.27627628       0.00000000       0.01793863
-2.26426426       0.00000000       0.01426056
-2.25225225       0.00000000       0.00918940
-2.24024024       0.00000000       0.00326172
-2.22822823       0.00000000      -0.00290857
-2.21621622       0.00000000      -0.00869259
-2.20420420       0.00000000      -0.01350940
-2.19219219       0.00000000      -0.01688332
-2.18018018       0.00000000      -0.01849005
-2.16816817       0.00000000      -0.01818713
-2.15615616       0.00000000      -0.01602618
-2.14414414       0.00000000      -0.01224554
-2.13213213       0.00000000      -0.00724461
-2.12012012       0.00000000      -0.00154236
-2.10810811       0.00000000       0.00427571
-2.09609610       0.00000000       0.00961674
-2.08408408       0.00000000       0.01394003
-2.07207207       0.00000000       0.01681095
-2.06006006       0.00000000       0.01794402
-2.04804805       0.00000000       0.01723083
-2.03603604       0.00000000       0.01475023
-2.02402402       0.00000000       0.01075978
-2.01201201       0.00000000       0.00566945
-2.00000000       0.00000000       0.00000000
-1.98798799       0.00000000      -0.00566945
-1.97597598       0.00000000      -0.01075978
-1.96396396       0.00000000      -0.01475023
-1.95195195       0.00000000      -0.01723083
-1.93993994       0.00000000      -0.01794402
-1.92792793       0.00000000      -0.01681095
-1.91591592       0.00000000      -0.01394003
-1.90390390       0.00000000      -0.00961674
-1.89189189       0.00000000      -0.00427571
-1.87987988       0.00000000       0.00154236
-1.86786787       0.00000000       0.00724461
-1.85585586       0.00000000       0.01224554
-1.84384384       0.00000000       0.01602618
-1.83183183       0.00000000       0.01818713
-1.81981982       0.00000000       0.01849005
-1.80780781       0.00000000       0.01688332
-1.79579580       0.00000000       0.01350940
-1.78378378       0.00000000       0.00869259
-1.77177177       0.00000000       0.00290857
-1.75975976       0.00000000      -0.00326172
-1.74774775       0.00000000      -0.00918940
-1.73573574       0.00000000      -0.01426056
-1.72372372       0.00000000      -0.01793863
-1.71171171       0.00000000      -0.01982002
-1.69969970       0.00000000      -0.01967730
-1.68768769       0.00000000      -0.01748548
-1.67567568       0.00000000      -0.01342851
-1.66366366       0.00000000      -0.00788483
-1.65165165       0.00000000      -0.00139321
-1.63963964       0.00000000       0.00539825
-1.62762763       0.00000000       0.01179528
-1.61561562       0.00000000       0.01712662
-1.60360360       0.00000000       0.02081259
-1.59159159       0.00000000       0.02242624
-1.57957958       0.00000000       0.02174077
-1.56756757       0.00000000       0.01875819
-1.55555556       0.00000000       0.01371591
-1.54354354       0.00000000       0.00706993
-1.53153153       0.00000000      -0.00054434
-1.51951952       0.00000000      -0.00837042
-1.50750751       0.00000000      -0.01560316
-1.49549550       0.00000000      -0.02146842
-1.48348348       0.00000000      -0.02530255
-1.47147147       0.00000000      -0.02662377
-1.45945946       0.00000000      -0.02518810
-1.44744745       0.00000000      -0.02102395
-1.43543544       0.00000000      -0.01444099
-1.42342342       0.00000000      -0.00601159
-1.41141141       0.00000000       0.00347469
-1.39939940       0.00000000       0.01308008
-1.38738739       0.00000000       0.02180550
-1.37537538       0.00000000       0.02868779
-1.36336336       0.00000000       0.03289835
-1.35135135       0.00000000       0.03383380
-1.33933934       0.00000000       0.03118964
-1.32732733       0.00000000       0.02500903
-1.31531532       0.00000000       0.01570070
-1.30330330       0.00000000       0.00402268
-1.29129129       0.00000000      -0.00896852
-1.27927928       0.00000000      -0.02200060
-1.26726727       0.00000000      -0.03369431
-1.25525526       0.00000000      -0.04269008
-1.24324324       0.00000000      -0.04778216
-1.23123123       0.00000000      -0.04804892
-1.21921922       0.00000000      -0.04296751
-1.20720721       0.00000000      -0.03250235
-1.19519520       0.00000000      -0.01715817
-1.18318318       0.00000000       0.00200862
-1.17117117       0.00000000       0.02342355
-1.15915916       0.00000000       0.04507213
-1.14714715       0.00000000       0.06461831
-1.13513514       0.00000000       0.07955565
-1.12312312       0.00000000       0.08738075
-1.11111111       0.00000000       0.08577625
-1.09909910       0.00000000       0.07278951
-1.08708709       0.00000000       0.04699315
-1.07507508       0.00000000       0.00761445
-1.06306306       0.00000000      -0.04537697
-1.05105105       0.00000000      -0.11123117
-1.03903904       0.00000000      -0.18843336
-1.02702703       0.00000000      -0.27477318
-1.01501502       0.00000000      -0.36746340
-1.00300300       0.00000000      -0.46330025
-0.99099099      -0.99099099      -0.55885420
-0.97897898      -0.97897898      -0.65067751
-0.96696697      -0.96696697      -0.73551384
-0.95495495      -0.95495495      -0.81049454
-0.94294294      -0.94294294      -0.87330792
-0.93093093      -0.93093093      -0.92232906
-0.91891892      -0.91891892      -0.95670164
-0.90690691      -0.90690691      -0.97636617
-0.89489489      -0.89489489      -0.98203365
-0.88288288      -0.88288288      -0.97510758
-0.87087087      -0.87087087      -0.95756110
-0.85885886      -0.85885886      -0.93177947
-0.84684685      -0.84684685      -0.90038032
-0.83483483      -0.83483483      -0.86602564
-0.82282282      -0.82282282      -0.83123987
-0.81081081      -0.81081081      -0.79824717
-0.79879880      -0.79879880      -0.76883970
-0.78678679      -0.78678679      -0.74428535
-0.77477477      -0.77477477      -0.72528038
-0.76276276      -0.76276276      -0.71194853
-0.75075075      -0.75075075      -0.70388450
-0.73873874      -0.73873874      -0.70023610
-0.72672673      -0.72672673      -0.69981661
-0.71471471      -0.71471471      -0.70123663
-0.70270270      -0.70270270      -0.70304383
-0.69069069      -0.69069069      -0.70385832
-0.67867868      -0.67867868      -0.70249284
-0.66666667      -0.66666667      -0.69804833
-0.65465465      -0.65465465      -0.68997792
-0.64264264      -0.64264264      -0.67811566
-0.63063063      -0.63063063      -0.66266917
-0.61861862      -0.61861862      -0.64417878
-0.60660661      -0.60660661      -0.62344838
-0.59459459      -0.59459459      -0.60145566
-0.58258258      -0.58258258      -0.57925067
-0.57057057      -0.57057057      -0.55785256
-0.55855856      -0.55855856      -0.53815401
-0.54654655      -0.54654655      -0.52084167
-0.53453453      -0.53453453      -0.50633945
-0.52252252      -0.52252252      -0.49477895
-0.51051051      -0.51051051      -0.48599865
-0.49849850      -0.49849850      -0.47957102
-0.48648649      -0.48648649      -0.47485380
-0.47447447      -0.47447447      -0.47106003
-0.46246246      -0.46246246      -0.46733936
-0.45045045      -0.45045045      -0.46286278
-0.43843844      -0.43843844      -0.45690252
-0.42642643      -0.42642643      -0.44889976
-0.41441441      -0.41441441      -0.43851399
-0.40240240      -0.40240240      -0.42564992
-0.39039039      -0.39039039      -0.41045994
-0.37837838      -0.37837838      -0.39332250
-0.36636637      -0.36636637      -0.37479924
-0.35435435      -0.35435435      -0.35557530
-0.34234234      -0.34234234      -0.33638914
-0.33033033      -0.33033033      -0.31795875
-0.31831832      -0.31831832      -0.30091146
-0.30630631      -0.30630631      -0.28572414
-0.29429429      -0.29429429      -0.27267925
-0.28228228      -0.28228228      -0.26184074
-0.27027027      -0.27027027      -0.25305174
-0.25825826      -0.25825826      -0.24595400
-0.24624625      -0.24624625      -0.24002661
-0.23423423      -0.23423423      -0.23464014
-0.22222222      -0.22222222      -0.22912054
-0.21021021      -0.21021021      -0.22281650
-0.19819820      -0.19819820      -0.21516370
-0.18618619      -0.18618619      -0.20573961
-0.17417417      -0.17417417      -0.19430368
-0.16216216      -0.16216216      -0.18081918
-0.15015015      -0.15015015      -0.16545468
-0.13813814      -0.13813814      -0.14856528
-0.12612613      -0.12612613      -0.13065566
-0.11411411      -0.11411411      -0.11232861
-0.10210210      -0.10210210      -0.09422433
-0.09009009      -0.09009009      -0.07695646
-0.07807808      -0.07807808      -0.06105114
-0.06606607      -0.06606607      -0.04689506
-0.05405405      -0.05405405      -0.03469764
-0.04204204      -0.04204204      -0.02447087
-0.03003003      -0.03003003      -0.01602878
-0.01801802      -0.01801802      -0.00900653
-0.00600601      -0.00600601      -0.00289724
 0.00600601       0.00600601       0.00289724
 0.01801802       0.01801802       0.00900653
 0.03003003       0.03003003       0.01602878
 0.04204204       0.04204204       0.02447087
 0.05405405       0.05405405       0.03469764
 0.06606607       0.06606607       0.04689506
 0.07807808       0.07807808       0.06105114
 0.09009009       0.09009009       0.07695646
 0.10210210       0.10210210       0.09422433
 0.11411411       0.11411411       0.11232861
 0.12612613       0.12612613       0.13065566
 0.13813814       0.13813814       0.14856528
 0.15015015       0.15015015       0.16545468
 0.16216216       0.16216216       0.18081918
 0.17417417       0.17417417       0.19430368
 0.18618619       0.18618619       0.20573961
 0.19819820       0.19819820       0.21516370
 0.21021021       0.21021021       0.22281650
 0.22222222       0.22222222       0.22912054
 0.23423423       0.23423423       0.23464014
 0.24624625       0.24624625       0.24002661
 0.25825826       0.25825826       0.24595400
 0.27027027       0.27027027       0.25305174
 0.28228228       0.28228228       0.26184074
 0.29429429       0.29429429       0.27267925
 0.30630631       0.30630631       0.28572414
 0.31831832       0.31831832       0.30091146
 0.33033033       0.33033033       0.31795875
 0.34234234       0.34234234       0.33638914
 0.35435435       0.35435435       0.35557530
 0.36636637       0.36636637       0.37479924
 0.37837838       0.37837838       0.39332250
 0.39039039       0.39039039       0.41045994
 0.40240240       0.40240240       0.42564992
 0.41441441       0.41441441       0.43851399
 0.42642643       0.42642643       0.44889976
 0.43843844       0.43843844       0.45690252
 0.45045045       0.45045045       0.46286278
 0.46246246       0.46246246       0.46733936
 0.47447447       0.47447447       0.47106003
 0.48648649       0.48648649       0.47485380
 0.49849850       0.49849850       0.47957102
 0.51051051       0.51051051       0.48599865
 0.52252252       0.52252252       0.49477895
 0.53453453       0.53453453       0.50633945
 0.54654655       0.54654655       0.52084167
 0.55855856       0.55855856       0.53815401
 0.57057057       0.57057057       0.55785256
 0.58258258       0.58258258       0.57925067
 0.59459459       0.59459459       0.60145566
 0.60660661       0.60660661       0.62344838
 0.61861862       0.61861862       0.64417878
 0.63063063       0.63063063       0.66266917
 0.64264264       0.64264264       0.67811566
 0.65465465       0.65465465       0.68997792
 0.66666667       0.66666667       0.69804833
 0.67867868       0.67867868       0.70249284
 0.69069069       0.69069069       0.70385832
 0.70270270       0.70270270       0.70304383
 0.71471471       0.71471471       0.70123663
 0.72672673       0.72672673       0.69981661
 0.73873874       0.73873874       0.70023610
 0.75075075       0.75075075       0.70388450
 0.76276276       0.76276276       0.71194853
 0.77477477       0.77477477       0.72528038
 0.78678679       0.78678679       0.74428535
 0.79879880       0.79879880       0.76883970
 0.81081081       0.81081081       0.79824717
 0.82282282       0.82282282       0.83123987
 0.83483483       0.83483483       0.86602564
 0.84684685       0.84684685       0.90038032
 0.85885886       0.85885886       0.93177947
 0.87087087       0.87087087       0.95756110
 0.88288288       0.88288288       0.97510758
 0.89489489       0.89489489       0.98203365
 0.90690691       0.90690691       0.97636617
 0.91891892       0.91891892       0.95670164
 0.93093093       0.93093093       0.92232906
 0.94294294       0.94294294       0.87330792
 0.95495495       0.95495495       0.81049454
 0.96696697       0.96696697       0.73551384
 0.97897898       0.97897898       0.65067751
 0.99099099       0.99099099       0.55885420
 1.00300300       0.00000000       0.46330025
 1.01501502       0.00000000       0.36746340
 1.02702703       0.00000000       0.27477318
 1.03903904       0.00000000       0.18843336
 1.05105105       0.00000000       0.11123117
 1.06306306       0.00000000       0.04537697
 1.07507508       0.00000000      -0.00761445
 1.08708709       0.00000000      -0.04699315
 1.09909910       0.00000000      -0.07278951
 1.11111111       0.00000000      -0.08577625
 1.12312312       0.00000000      -0.08738075
 1.13513514       0.00000000      -0.07955565
 1.14714715       0.00000000      -0.06461831
 1.15915916       0.00000000      -0.04507213
 1.17117117       0.00000000      -0.02342355
 1.18318318       0.00000000      -0.00200862
 1.19519520       0.00000000       0.01715817
 1.20720721       0.00000000       0.03250235
 1.21921922       0.00000000       0.04296751
 1.23123123       0.00000000       0.04804892
 1.24324324       0.00000000       0.04778216
 1.25525526       0.00000000       0.04269008
 1.26726727       0.00000000       0.03369431
 1.27927928       0.00000000       0.02200060
 1.29129129       0.00000000       0.00896852
 1.30330330       0.00000000      -0.00402268
 1.31531532       0.00000000      -0.01570070
 1.32732733       0.00000000      -0.02500903
 1.33933934       0.00000000      -0.03118964
 1.35135135       0.00000000      -0.03383380
 1.36336336       0.00000000      -0.03289835
 1.37537538       0.00000000      -0.02868779
 1.38738739       0.00000000      -0.02180550
 1.39939940       0.00000000      -0.01308008
 1.41141141       0.00000000      -0.00347469
 1.42342342       0.00000000       0.00601159
 1.43543544       0.00000000       0.01444099
 1.44744745       0.00000000       0.02102395
 1.45945946       0.00000000       0.02518810
 1.47147147       0.00000000       0.02662377
 1.48348348       0.00000000       0.02530255
 1.49549550       0.00000000       0.02146842
 1.50750751       0.00000000       0.01560316
 1.51951952       0.00000000       0.00837042
 1.53153153       0.00000000       0.00054434
 1.54354354       0.00000000      -0.00706993
 1.55555556       0.00000000      -0.01371591
 1.56756757       0.00000000      -0.01875819
 1.57957958       0.00000000      -0.02174077
 1.59159159       0.00000000      -0.02242624
 1.60360360       0.00000000      -0.02081259
 1.61561562       0.00000000      -0.01712662
 1.62762763       0.00000000      -0.01179528
 1.63963964       0.00000000      -0.00539825
 1.65165165       0.00000000       0.00139321
 1.66366366       0.00000000       0.00788483
 1.67567568       0.00000000       0.01342851
 1.68768769       0.00000000       0.01748548
 1.69969970       0.00000000       0.01967730
 1.71171171       0.00000000       0.01982002
 1.72372372       0.00000000       0.01793863
 1.73573574       0.00000000       0.01426056
 1.74774775       0.00000000       0.00918940
 1.75975976       0.00000000       0.00326172
 1.77177177       0.00000000      -0.00290857
 1.78378378       0.00000000      -0.00869259
 1.79579580       0.00000000      -0.01350940
 1.80780781       0.00000000      -0.01688332
 1.81981982       0.00000000      -0.01849005
 1.83183183       0.00000000      -0.01818713
 1.84384384       0.00000000      -0.01602618
 1.85585586       0.00000000      -0.01224554
 1.86786787       0.00000000      -0.00724461
 1.87987988       0.00000000      -0.00154236
 1.89189189       0.00000000       0.00427571
 1.90390390       0.00000000       0.00961674
 1.91591592       0.00000000       0.01394003
 1.92792793       0.00000000       0.01681095
 1.93993994       0.00000000       0.01794402
 1.95195195       0.00000000       0.01723083
 1.96396396       0.00000000       0.01475023
 1.97597598       0.00000000       0.01075978
 1.98798799       0.00000000       0.00566945
 2.00000000       0.00000000      -0.00000000
 2.01201201       0.00000000      -0.00566945
 2.02402402       0.00000000      -0.01075978
 2.03603604       0.00000000      -0.01475023
 2.04804805       0.00000000      -0.01723083
 2.06006006       0.00000000      -0.01794402
 2.07207207       0.00000000      -0.01681095
 2.08408408       0.00000000      -0.01394003
 2.09609610       0.00000000      -0.00961674
 2.10810811       0.00000000      -0.00427571
 2.12012012       0.00000000       0.00154236
 2.13213213       0.00000000       0.00724461
 2.14414414       0.00000000       0.01224554
 2.15615616       0.00000000       0.01602618
 2.16816817       0.00000000       0.01818713
 2.18018018       0.00000000       0.01849005
 2.19219219       0.00000000       0.01688332
 2.20420420       0.00000000       0.01350940
 2.21621622       0.00000000       0.00869259
 2.22822823       0.00000000       0.00290857
 2.24024024       0.00000000      -0.00326172
 2.25225225       0.00000000      -0.00918940
 2.26426426       0.00000000      -0.01426056
 2.27627628       0.00000000      -0.01793863
 2.28828829       0.00000000      -0.01982002
 2.30030030       0.00000000      -0.01967730
 2.31231231       0.00000000      -0.01748548
 2.32432432       0.00000000      -0.01342851
 2.33633634       0.00000000      -0.00788483
 2.34834835       0.00000000      -0.00139321
 2.36036036       0.00000000       0.00539825
 2.37237237       0.00000000       0.01179528
 2.38438438       0.00000000       0.01712662
 2.39639640       0.00000000       0.02081259
 2.40840841       0.00000000       0.02242624
 2.42042042       0.00000000       0.02174077
 2.43243243       0.00000000       0.01875819
 2.44444444       0.00000000       0.01371591
 2.45645646       0.00000000       0.00706993
 2.46846847       0.00000000      -0.00054434
 2.48048048       0.00000000      -0.00837042
 2.49249249       0.00000000      -0.01560316
 2.50450450       0.00000000      -0.02146842
 2.51651652       0.00000000      -0.02530255
 2.52852853       0.00000000      -0.02662377
 2.54054054       0.00000000      -0.02518810
 2.55255255       0.00000000      -0.02102395
 2.56456456       0.00000000      -0.01444099
 2.57657658       0.00000000      -0.00601159
 2.58858859       0.00000000       0.00347469
 2.60060060       0.00000000       0.01308008
 2.61261261       0.00000000       0.02180550
 2.62462462       0.00000000       0.02868779
 2.63663664       0.00000000       0.03289835
 2.64864865       0.00000000       0.03383380
 2.66066066       0.00000000       0.03118964
 2.67267267       0.00000000       0.02500903
 2.68468468       0.00000000       0.01570070
 2.69669670       0.00000000       0.00402268
 2.70870871       0.00000000      -0.00896852
 2.72072072       0.00000000      -0.02200060
 2.73273273       0.00000000      -0.03369431
 2.74474474       0.00000000      -0.04269008
 2.75675676       0.00000000      -0.04778216
 2.76876877       0.00000000      -0.04804892
 2.78078078       0.00000000      -0.04296751
 2.79279279       0.00000000      -0.03250235
 2.80480480       0.00000000      -0.01715817
 2.81681682       0.00000000       0.00200862
 2.82882883       0.00000000       0.02342355
 2.84084084       0.00000000       0.04507213
 2.85285285       0.00000000       0.06461831
 2.86486486       0.00000000       0.07955565
 2.87687688       0.00000000       0.08738075
 2.88888889       0.00000000       0.08577625
 2.90090090       0.00000000       0.07278951
 2.91291291       0.00000000       0.04699315
 2.92492492       0.00000000       0.00761445
 2.93693694       0.00000000      -0.04537697
 2.94894895       0.00000000      -0.11123117
 2.96096096       0.00000000      -0.18843336
 2.97297297       0.00000000      -0.27477318
 2.98498498       0.00000000      -0.36746340
 2.99699700       0.00000000      -0.46330025
 3.00900901      -0.99099099      -0.55885420
 3.02102102      -0.97897898      -0.65067751
 3.03303303      -0.96696697      -0.73551384
 3.04504505      -0.95495495      -0.81049454
 3.05705706      -0.94294294      -0.87330792
 3.06906907      -0.93093093      -0.92232906
 3.08108108      -0.91891892      -0.95670164
 3.09309309      -0.90690691      -0.97636617
 3.10510511      -0.89489489      -0.98203365
 3.11711712      -0.88288288      -0.97510758
 3.12912913      -0.87087087      -0.95756110
 3.14114114      -0.85885886      -0.93177947
 3.15315315      -0.84684685      -0.90038032
 3.16516517      -0.83483483      -0.86602564
 3.17717718      -0.82282282      -0.83123987
 3.18918919      -0.81081081      -0.79824717
 3.20120120      -0.79879880      -0.76883970
 3.21321321      -0.78678679      -0.74428535
 3.22522523      -0.77477477      -0.72528038
 3.23723724      -0.76276276      -0.71194853
 3.24924925      -0.75075075      -0.70388450
 3.26126126      -0.73873874      -0.70023610
 3.27327327      -0.72672673      -0.69981661
 3.28528529      -0.71471471      -0.70123663
 3.29729730      -0.70270270      -0.70304383
 3.30930931      -0.69069069      -0.70385832
 3.32132132      -0.67867868      -0.70249284
 3.33333333      -0.66666667      -0.69804833
 3.34534535      -0.65465465      -0.68997792
 3.35735736      -0.64264264      -0.67811566
 3.36936937      -0.63063063      -0.66266917
 3.38138138      -0.61861862      -0.64417878
 3.39339339      -0.60660661      -0.62344838
 3.40540541      -0.59459459      -0.60145566
 3.41741742      -0.58258258      -0.57925067
 3.42942943      -0.57057057      -0.55785256
 3.44144144      -0.55855856      -0.53815401
 3.45345345      -0.54654655      -0.52084167
 3.46546547      -0.53453453      -0.50633945
 3.47747748      -0.52252252      -0.49477895
 3.48948949      -0.51051051      -0.48599865
 3.50150150      -0.49849850      -0.47957102
 3.51351351      -0.48648649      -0.47485380
 3.52552553      -0.47447447      -0.47106003
 3.53753754      -0.46246246      -0.46733936
 3.54954955      -0.45045045      -0.46286278
 3.56156156      -0.43843844      -0.45690252
 3.57357357      -0.42642643      -0.44889976
 3.58558559      -0.41441441      -0.43851399
 3.59759760      -0.40240240      -0.42564992
 3.60960961      -0.39039039      -0.41045994
 3.62162162      -0.37837838      -0.39332250
 3.63363363      -0.36636637      -0.37479924
 3.64564565      -0.35435435      -0.35557530
 3.65765766      -0.34234234      -0.33638914
 3.66966967      -0.33033033      -0.31795875
 3.68168168      -0.31831832      -0.30091146
 3.69369369      -0.30630631      -0.28572414
 3.70570571      -0.29429429      -0.27267925
 3.71771772      -0.28228228      -0.26184074
 3.72972973      -0.27027027      -0.25305174
 3.74174174      -0.25825826      -0.24595400
 3.75375375      -0.24624625      -0.24002661
 3.76576577      -0.23423423      -0.23464014
 3.77777778      -0.22222222      -0.22912054
 3.78978979      -0.21021021      -0.22281650
 3.80180180      -0.19819820      -0.21516370
 3.81381381      -0.18618619      -0.20573961
 3.82582583      -0.17417417      -0.19430368
 3.83783784      -0.16216216      -0.18081918
 3.84984985      -0.15015015      -0.16545468
 3.86186186      -0.13813814      -0.14856528
 3.87387387      -0.12612613      -0.13065566
 3.88588589      -0.11411411      -0.11232861
 3.89789790      -0.10210210      -0.09422433
 3.90990991      -0.09009009      -0.07695646
 3.92192192      -0.07807808      -0.06105114
 3.93393393      -0.06606607      -0.04689506
 3.94594595      -0.05405405      -0.03469764
 3.95795796      -0.04204204      -0.02447087
 3.96996997      -0.03003003      -0.01602878
 3.98198198      -0.01801802      -0.00900653
 3.99399399      -0.00600601      -0.00289724
 4.00600601       0.00600601       0.00289724
 4.01801802       0.01801802       0.00900653
 4.03003003       0.03003003       0.01602878
 4.04204204       0.04204204       0.02447087
 4.05405405       0.05405405       0.03469764
 4.06606607       0.06606607       0.04689506
 4.07807808       0.07807808       0.06105114
 4.09009009       0.09009009       0.07695646
 4.10210210       0.10210210       0.09422433
 4.11411411       0.11411411       0.11232861
 4.12612613       0.12612613       0.13065566
 4.13813814       0.13813814       0.14856528
 4.15015015       0.15015015       0.16545468
 4.16216216       0.16216216       0.18081918
 4.17417417       0.17417417       0.19430368
 4.18618619       0.18618619       0.20573961
 4.19819820       0.19819820       0.21516370
 4.21021021       0.21021021       0.22281650
 4.22222222       0.22222222       0.22912054
 4.23423423       0.23423423       0.23464014
 4.24624625       0.24624625       0.24002661
 4.25825826       0.25825826       0.24595400
 4.27027027       0.27027027       0.25305174
 4.28228228       0.28228228       0.26184074
 4.29429429       0.29429429       0.27267925
 4.30630631       0.30630631       0.28572414
 4.31831832       0.31831832       0.30091146
 4.33033033       0.33033033       0.31795875
 4.34234234       0.34234234       0.33638914
 4.35435435       0.35435435       0.35557530
 4.36636637       0.36636637       0.37479924
 4.37837838       0.37837838       0.39332250
 4.39039039       0.39039039       0.41045994
 4.40240240       0.40240240       0.42564992
 4.41441441       0.41441441       0.43851399
 4.42642643       0.42642643       0.44889976
 4.43843844       0.43843844       0.45690252
 4.45045045       0.45045045       0.46286278
 4.46246246       0.46246246       0.46733936
 4.47447447       0.47447447       0.47106003
 4.48648649       0.48648649       0.47485380
 4.49849850       0.49849850       0.47957102
 4.51051051       0.51051051       0.48599865
 4.52252252       0.52252252       0.49477895
 4.53453453       0.53453453       0.50633945
 4.54654655       0.54654655       0.52084167
 4.55855856       0.55855856       0.53815401
 4.57057057       0.57057057       0.55785256
 4.58258258       0.58258258       0.57925067
 4.59459459       0.59459459       0.60145566
 4.60660661       0.60660661       0.62344838
 4.61861862       0.61861862       0.64417878
 4.63063063       0.63063063       0.66266917
 4.64264264       0.64264264       0.67811566
 4.65465465       0.65465465       0.68997792
 4.66666667       0.66666667       0.69804833
 4.67867868       0.67867868       0.70249284
 4.69069069       0.69069069       0.70385832
 4.70270270       0.70270270       0.70304383
 4.71471471       0.71471471       0.70123663
 4.72672673       0.72672673       0.69981661
 4.73873874       0.73873874       0.70023610
 4.75075075       0.75075075       0.70388450
 4.76276276       0.76276276       0.71194853
 4.77477477       0.77477477       0.72528038
 4.78678679       0.78678679       0.74428535
 4.79879880       0.79879880       0.76883970
 4.81081081       0.81081081       0.79824717
 4.82282282       0.82282282       0.83123987
 4.83483483       0.83483483       0.86602564
 4.84684685       0.84684685       0.90038032
 4.85885886       0.85885886       0.93177947
 4.87087087       0.87087087       0.95756110
 4.88288288       0.88288288       0.97510758
 4.89489489       0.89489489       0.98203365
 4.90690691       0.90690691       0.97636617
 4.91891892       0.91891892       0.95670164
 4.93093093       0.93093093       0.92232906
 4.94294294       0.94294294       0.87330792
 4.95495495       0.95495495       0.81049454
 4.96696697       0.96696697       0.73551384
 4.97897898       0.97897898       0.65067751
 4.99099099       0.99099099       0.55885420
 5.00300300       0.00000000       0.46330025
 5.01501502       0.00000000       0.36746340
 5.02702703       0.00000000       0.27477318
 5.03903904       0.00000000       0.18843336
 5.05105105       0.00000000       0.11123117
 5.06306306       0.00000000       0.04537697
 5.07507508       0.00000000      -0.00761445
 5.08708709       0.00000000      -0.04699315
 5.09909910       0.00000000      -0.07278951
 5.11111111       0.00000000      -0.08577625
 5.12312312       0.00000000      -0.08738075
 5.13513514       0.00000000      -0.07955565
 5.14714715       0.00000000      -0.06461831
 5.15915916       0.00000000      -0.04507213
 5.17117117       0.00000000      -0.02342355
 5.18318318       0.00000000      -0.00200862
 5.19519520       0.00000000       0.01715817
 5.20720721       0.00000000       0.03250235
 5.21921922       0.00000000       0.04296751
 5.23123123       0.00000000       0.04804892
 5.24324324       0.00000000       0.04778216
 5.25525526       0.00000000       0.04269008
 5.26726727       0.00000000       0.03369431
 5.27927928       0.00000000       0.02200060
 5.29129129       0.00000000       0.00896852
 5.30330330       0.00000000      -0.00402268
 5.31531532       0.00000000      -0.01570070
 5.32732733       0.00000000      -0.02500903
 5.33933934       0.00000000      -0.03118964
 5.35135135       0.00000000      -0.03383380
 5.36336336       0.00000000      -0.03289835
 5.37537538       0.00000000      -0.02868779
 5.38738739       0.00000000      -0.02180550
 5.39939940       0.00000000      -0.01308008
 5.41141141       0.00000000      -0.00347469
 5.42342342       0.00000000       0.00601159
 5.43543544       0.00000000       0.01444099
 5.44744745       0.00000000       0.02102395
 5.45945946       0.00000000       0.02518810
 5.47147147       0.00000000       0.02662377
 5.48348348       0.00000000       0.02530255
 5.49549550       0.00000000       0.02146842
 5.50750751       0.00000000       0.01560316
 5.51951952       0.00000000       0.00837042
 5.53153153       0.00000000       0.00054434
 5.54354354       0.00000000      -0.00706993
 5.55555556       0.00000000      -0.01371591
 5.56756757       0.00000000      -0.01875819
 5.57957958       0.00000000      -0.02174077
 5.59159159       0.00000000      -0.02242624
 5.60360360       0.00000000      -0.02081259
 5.61561562       0.00000000      -0.01712662
 5.62762763       0.00000000      -0.01179528
 5.63963964       0.00000000      -0.00539825
 5.65165165       0.00000000       0.00139321
 5.66366366       0.00000000       0.00788483
 5.67567568       0.00000000       0.01342851
 5.68768769       0.00000000       0.01748548
 5.69969970       0.00000000       0.01967730
 5.71171171       0.00000000       0.01982002
 5.72372372       0.00000000       0.01793863
 5.73573574       0.00000000       0.01426056
 5.74774775       0.00000000       0.00918940
 5.75975976       0.00000000       0.00326172
 5.77177177       0.00000000      -0.00290857
 5.78378378       0.00000000      -0.00869259
 5.79579580       0.00000000      -0.01350940
 5.80780781       0.00000000      -0.01688332
 5.81981982       0.00000000      -0.01849005
 5.83183183       0.00000000      -0.01818713
 5.84384384       0.00000000      -0.01602618
 5.85585586       0.00000000      -0.01224554
 5.86786787       0.00000000      -0.00724461
 5.87987988       0.00000000      -0.00154236
 5.89189189       0.00000000       0.00427571
 5.90390390       0.00000000       0.00961674
 5.91591592       0.00000000       0.01394003
 5.92792793       0.00000000       0.01681095
 5.93993994       0.00000000       0.01794402
 5.95195195       0.00000000       0.01723083
 5.96396396       0.00000000       0.01475023
 5.97597598       0.00000000       0.01075978
 5.98798799       0.00000000       0.00566945
 6.00000000       0.00000000      -0.00000000
