-6.00000000       0.00000000      -0.00000000
-5.98798799       0.00000000      -0.00001827
-5.97597598       0.00000000       0.00003655
-5.96396396       0.00000000      -0.00005487
-5.95195195       0.00000000       0.00007325
-5.93993994       0.00000000      -0.00009170
-5.92792793       0.00000000       0.00011024
-5.91591592       0.00000000      -0.00012889
-5.90390390       0.00000000       0.00014767
-5.89189189       0.00000000      -0.00016659
-5.87987988       0.00000000       0.00018569
-5.86786787       0.00000000      -0.00020497
-5.85585586       0.00000000       0.00022447
-5.84384384       0.00000000      -0.00024419
-5.83183183       0.00000000       0.00026417
-5.81981982       0.00000000      -0.00028443
-5.80780781       0.00000000       0.00030499
-5.79579580       0.00000000      -0.00032588
-5.78378378       0.00000000       0.00034712
-5.77177177       0.00000000      -0.00036875
-5.75975976       0.00000000       0.00039078
-5.74774775       0.00000000      -0.00041325
-5.73573574       0.00000000       0.00043619
-5.72372372       0.00000000      -0.00045964
-5.71171171       0.00000000       0.00048363
-5.69969970       0.00000000      -0.00050820
-5.68768769       0.00000000       0.00053339
-5.67567568       0.00000000      -0.00055924
-5.66366366       0.00000000       0.00058580
-5.65165165       0.00000000      -0.00061311
-5.63963964       0.00000000       0.00064123
-5.62762763       0.00000000      -0.00067021
-5.61561562       0.00000000       0.00070011
-5.60360360       0.00000000      -0.00073100
-5.59159159       0.00000000       0.00076294
-5.57957958       0.00000000      -0.00079601
-5.56756757       0.00000000       0.00083029
-5.55555556       0.00000000      -0.00086587
-5.54354354       0.00000000       0.00090283
-5.53153153       0.00000000      -0.00094129
-5.51951952       0.00000000       0.00098135
-5.50750751       0.00000000      -0.00102315
-5.49549550       0.00000000       0.00106680
-5.48348348       0.00000000      -0.00111247
-5.47147147       0.00000000       0.00116031
-5.45945946       0.00000000      -0.00121051
-5.44744745       0.00000000       0.00126325
-5.43543544       0.00000000      -0.00131877
-5.42342342       0.00000000       0.00137731
-5.41141141       0.00000000      -0.00143915
-5.39939940       0.00000000       0.00150458
-5.38738739       0.00000000      -0.00157397
-5.37537538       0.00000000       0.00164769
-5.36336336       0.00000000      -0.00172620
-5.35135135       0.00000000       0.00180999
-5.33933934       0.00000000      -0.00189964
-5.32732733       0.00000000       0.00199581
-5.31531532       0.00000000      -0.00209927
-5.30330330       0.00000000       0.00221089
-5.29129129       0.00000000      -0.00233171
-5.27927928       0.00000000       0.00246293
-5.26726727       0.00000000      -0.00260600
-5.25525526       0.00000000       0.00276260
-5.24324324       0.00000000      -0.00293479
-5.23123123       0.00000000       0.00312503
-5.21921922       0.00000000      -0.00333635
-5.20720721       0.00000000       0.00357247
-5.19519520       0.00000000      -0.00383806
-5.18318318       0.00000000       0.00413903
-5.17117117       0.00000000      -0.00448296
-5.15915916       0.00000000       0.00487978
-5.14714715       0.00000000      -0.00534268
-5.13513514       0.00000000       0.00588968
-5.12312312       0.00000000      -0.00654592
-5.11111111       0.00000000       0.00734766
-5.09909910       0.00000000      -0.00834913
-5.08708709       0.00000000       0.00963512
-5.07507508       0.00000000      -0.01134599
-5.06306306       0.00000000       0.01373153
-5.05105105       0.00000000      -0.01728205
-5.03903904       0.00000000       0.02310268
-5.02702703       0.00000000      -0.03427529
-5.01501502       0.00000000       0.06336876
-5.00300300       0.00000000      -0.25764731
-4.99099099      -0.99099099      -1.04582586
-4.97897898      -0.97897898      -0.94571858
-4.96696697      -0.96696697      -0.99038346
-4.95495495      -0.95495495      -0.93689962
-4.94294294      -0.94294294      -0.95765958
-4.93093093      -0.93093093      -0.91848474
-4.91891892      -0.91891892      -0.92972391
-4.90690691      -0.90690691      -0.89734234
-4.89489489      -0.89489489      -0.90348961
-4.88288288      -0.88288288      -0.87506689
-4.87087087      -0.87087087      -0.87804808
-4.85885886      -0.85885886      -0.85221495
-4.84684685      -0.84684685      -0.85303895
-4.83483483      -0.83483483      -0.82903030
-4.82282282      -0.82282282      -0.82829133
-4.81081081      -0.81081081      -0.80563636
-4.79879880      -0.79879880      -0.80371385
-4.78678679      -0.78678679      -0.78210222
-4.77477477      -0.77477477      -0.77925326
-4.76276276      -0.76276276      -0.75846958
-4.75075075      -0.75075075      -0.75487646
-4.73873874      -0.73873874      -0.73476507
-4.72672673      -0.72672673      -0.73056179
-4.71471471      -0.71471471      -0.71100648
-4.70270270      -0.70270270      -0.70629448
-4.69069069      -0.69069069      -0.68720618
-4.67867868      -0.67867868      -0.68206411
-4.66666667      -0.66666667      -0.66337300
-4.65465465      -0.65465465      -0.65786314
-4.64264264      -0.64264264      -0.63951342
-4.63063063      -0.63063063      -0.63368596
-4.61861862      -0.61861862      -0.61563232
-4.60660661      -0.60660661      -0.60952832
-4.59459459      -0.59459459      -0.59173342
-4.58258258      -0.58258258      -0.58538693
-4.57057057      -0.57057057      -0.56781962
-4.55855856      -0.55855856      -0.56125924
-4.54654655      -0.54654655      -0.54389321
-4.53453453      -0.53453453      -0.53714320
-4.52252252      -0.52252252      -0.51995602
-4.51051051      -0.51051051      -0.51303717
-4.49849850      -0.49849850      -0.49600951
-4.48648649      -0.48648649      -0.48893982
-4.47447447      -0.47447447      -0.47205491
-4.46246246      -0.46246246      -0.46485004
-4.45045045      -0.45045045      -0.44809319
-4.43843844      -0.43843844      -0.44076694
-4.42642643      -0.42642643      -0.42412520
-4.41441441      -0.41441441      -0.41668976
-4.40240240      -0.40240240      -0.40015161
-4.39039039      -0.39039039      -0.39261787
-4.37837838      -0.37837838      -0.37617302
-4.36636637      -0.36636637      -0.36855074
-4.35435435      -0.35435435      -0.35218990
-4.34234234      -0.34234234      -0.34448791
-4.33033033      -0.33033033      -0.32820268
-4.31831832      -0.31831832      -0.32042899
-4.30630631      -0.30630631      -0.30421171
-4.29429429      -0.29429429      -0.29637367
-4.28228228      -0.28228228      -0.28021730
-4.27027027      -0.27027027      -0.27232166
-4.25825826      -0.25825826      -0.25621970
-4.24624625      -0.24624625      -0.24827271
-4.23423423      -0.23423423      -0.23221914
-4.22222222      -0.22222222      -0.22422663
-4.21021021      -0.21021021      -0.20821581
-4.19819820      -0.19819820      -0.20018324
-4.18618619      -0.18618619      -0.18420986
-4.17417417      -0.17417417      -0.17614239
-4.16216216      -0.16216216      -0.16020144
-4.15015015      -0.15015015      -0.15210396
-4.13813814      -0.13813814      -0.13619067
-4.12612613      -0.12612613      -0.12806783
-4.11411411      -0.11411411      -0.11217762
-4.10210210      -0.10210210      -0.10403393
-4.09009009      -0.09009009      -0.08816239
-4.07807808      -0.07807808      -0.08000218
-4.06606607      -0.06606607      -0.06414504
-4.05405405      -0.05405405      -0.05597253
-4.04204204      -0.04204204      -0.04012560
-4.03003003      -0.03003003      -0.03194495
-4.01801802      -0.01801802      -0.01610412
-4.00600601      -0.00600601      -0.00791940
-3.99399399       0.00600601       0.00791940
-3.98198198       0.01801802       0.01610412
-3.96996997       0.03003003       0.03194495
-3.95795796       0.04204204       0.04012560
-3.94594595       0.05405405       0.05597253
-3.93393393       0.06606607       0.06414504
-3.92192192       0.07807808       0.08000218
-3.90990991       0.09009009       0.08816239
-3.89789790       0.10210210       0.10403393
-3.88588589       0.11411411       0.11217762
-3.87387387       0.12612613       0.12806783
-3.86186186       0.13813814       0.13619067
-3.84984985       0.15015015       0.15210396
-3.83783784       0.16216216       0.16020144
-3.82582583       0.17417417       0.17614239
-3.81381381       0.18618619       0.18420986
-3.80180180       0.19819820       0.20018324
-3.78978979       0.21021021       0.20821581
-3.77777778       0.22222222       0.22422663
-3.76576577       0.23423423       0.23221914
-3.75375375       0.24624625       0.24827271
-3.74174174       0.25825826       0.25621970
-3.72972973       0.27027027       0.27232166
-3.71771772       0.28228228       0.28021730
-3.70570571       0.29429429       0.29637367
-3.69369369       0.30630631       0.30421171
-3.68168168       0.31831832       0.32042899
-3.66966967       0.33033033       0.32820268
-3.65765766       0.34234234       0.34448791
-3.64564565       0.35435435       0.35218990
-3.63363363       0.36636637       0.36855074
-3.62162162       0.37837838       0.37617302
-3.60960961       0.39039039       0.39261787
-3.59759760       0.40240240       0.40015161
-3.58558559       0.41441441       0.41668976
-3.57357357       0.42642643       0.42412520
-3.56156156       0.43843844       0.44076694
-3.54954955       0.45045045       0.44809319
-3.53753754       0.46246246       0.46485004
-3.52552553       0.47447447       0.47205491
-3.51351351       0.48648649       0.48893982
-3.50150150       0.49849850       0.49600951
-3.48948949       0.51051051       0.51303717
-3.47747748       0.52252252       0.51995602
-3.46546547       0.53453453       0.53714320
-3.45345345       0.54654655       0.54389321
-3.44144144       0.55855856       0.56125924
-3.42942943       0.57057057       0.56781962
-3.41741742       0.58258258       0.58538693
-3.40540541       0.59459459       0.59173342
-3.39339339       0.60660661       0.60952832
-3.38138138       0.61861862       0.61563232
-3.36936937       0.63063063       0.63368596
-3.35735736       0.64264264       0.63951342
-3.34534535       0.65465465       0.65786314
-3.33333333       0.66666667       0.66337300
-3.32132132       0.67867868       0.68206411
-3.30930931       0.69069069       0.68720618
-3.29729730       0.70270270       0.70629448
-3.28528529       0.71471471       0.71100648
-3.27327327       0.72672673       0.73056179
-3.26126126       0.73873874       0.73476507
-3.24924925       0.75075075       0.75487646
-3.23723724       0.76276276       0.75846958
-3.22522523       0.77477477       0.77925326
-3.21321321       0.78678679       0.78210222
-3.20120120       0.79879880       0.80371385
-3.18918919       0.81081081       0.80563636
-3.17717718       0.82282282       0.82829133
-3.16516517       0.83483483       0.82903030
-3.15315315       0.84684685       0.85303895
-3.14114114       0.85885886       0.85221495
-3.12912913       0.87087087       0.87804808
-3.11711712       0.88288288       0.87506689
-3.10510511       0.89489489       0.90348961
-3.09309309       0.90690691       0.89734234
-3.08108108       0.91891892       0.92972391
-3.06906907       0.93093093       0.91848474
-3.05705706       0.94294294       0.95765958
-3.04504505       0.95495495       0.93689962
-3.03303303       0.96696697       0.99038346
-3.02102102       0.97897898       0.94571858
-3.00900901       0.99099099       1.04582586
-2.99699700       0.00000000       0.25764731
-2.98498498       0.00000000      -0.06336876
-2.97297297       0.00000000       0.03427529
-2.96096096       0.00000000      -0.02310268
-2.94894895       0.00000000       0.01728205
-2.93693694       0.00000000      -0.01373153
-2.92492492       0.00000000       0.01134599
-2.91291291       0.00000000      -0.00963512
-2.90090090       0.00000000       0.00834913
-2.88888889       0.00000000      -0.00734766
-2.87687688       0.00000000       0.00654592
-2.86486486       0.00000000      -0.00588968
-2.85285285       0.00000000       0.00534268
-2.84084084       0.00000000      -0.00487978
-2.82882883       0.00000000       0.00448296
-2.81681682       0.00000000      -0.00413903
-2.80480480       0.00000000       0.00383806
-2.79279279       0.00000000      -0.00357247
-2.78078078       0.00000000       0.00333635
-2.76876877       0.00000000      -0.00312503
-2.75675676       0.00000000       0.00293479
-2.74474474       0.00000000      -0.00276260
-2.73273273       0.00000000       0.00260600
-2.72072072       0.00000000      -0.00246293
-2.70870871       0.00000000       0.00233171
-2.69669670       0.00000000      -0.00221089
-2.68468468       0.00000000       0.00209927
-2.67267267       0.00000000      -0.00199581
-2.66066066       0.00000000       0.00189964
-2.64864865       0.00000000      -0.00180999
-2.63663664       0.00000000       0.00172620
-2.62462462       0.00000000      -0.00164769
-2.61261261       0.00000000       0.00157397
-2.60060060       0.00000000      -0.00150458
-2.58858859       0.00000000       0.00143915
-2.57657658       0.00000000      -0.00137731
-2.56456456       0.00000000       0.00131877
-2.55255255       0.00000000      -0.00126325
-2.54054054       0.00000000       0.00121051
-2.52852853       0.00000000      -0.00116031
-2.51651652       0.00000000       0.00111247
-2.50450450       0.00000000      -0.00106680
-2.49249249       0.00000000       0.00102315
-2.48048048       0.00000000      -0.00098135
-2.46846847       0.00000000       0.00094129
-2.45645646       0.00000000      -0.00090283
-2.44444444       0.00000000       0.00086587
-2.43243243       0.00000000      -0.00083029
-2.42042042       0.00000000       0.00079601
-2.40840841       0.00000000      -0.00076294
-2.39639640       0.00000000       0.00073100
-2.38438438       0.00000000      -0.00070011
-2.37237237       0.00000000       0.00067021
-2.36036036       0.00000000      -0.00064123
-2.34834835       0.00000000       0.00061311
-2.33633634       0.00000000      -0.00058580
-2.32432432       0.00000000       0.00055924
-2.31231231       0.00000000      -0.00053339
-2.30030030       0.00000000       0.00050820
-2.28828829       0.00000000      -0.00048363
-2.27627628       0.00000000       0.00045964
-2.26426426       0.00000000      -0.00043619
-2.25225225       0.00000000       0.00041325
-2.24024024       0.00000000      -0.00039078
-2.22822823       0.00000000       0.00036875
-2.21621622       0.00000000      -0.00034712
-2.20420420       0.00000000       0.00032588
-2.19219219       0.00000000      -0.00030499
-2.18018018       0.00000000       0.00028443
-2.16816817       0.00000000      -0.00026417
-2.15615616       0.00000000       0.00024419
-2.14414414       0.00000000      -0.00022447
-2.13213213       0.00000000       0.00020497
-2.12012012       0.00000000      -0.00018569
-2.10810811       0.00000000       0.00016659
-2.09609610       0.00000000      -0.00014767
-2.08408408       0.00000000       0.00012889
-2.07207207       0.00000000      -0.00011024
-2.06006006       0.00000000       0.00009170
-2.04804805       0.00000000      -0.00007325
-2.03603604       0.00000000       0.00005487
-2.02402402       0.00000000      -0.00003655
-2.01201201       0.00000000       0.00001827
-2.00000000       0.00000000      -0.00000000
-1.98798799       0.00000000      -0.00001827
-1.97597598       0.00000000       0.00003655
-1.96396396       0.00000000      -0.00005487
-1.95195195       0.00000000       0.00007325
-1.93993994       0.00000000      -0.00009170
-1.92792793       0.00000000       0.00011024
-1.91591592       0.00000000      -0.00012889
-1.90390390       0.00000000       0.00014767
-1.89189189       0.00000000      -0.00016659
-1.87987988       0.00000000       0.00018569
-1.86786787       0.00000000      -0.00020497
-1.85585586       0.00000000       0.00022447
-1.84384384       0.00000000      -0.00024419
-1.83183183       0.00000000       0.00026417
-1.81981982       0.00000000      -0.00028443
-1.80780781       0.00000000       0.00030499
-1.79579580       0.00000000      -0.00032588
-1.78378378       0.00000000       0.00034712
-1.77177177       0.00000000      -0.00036875
-1.75975976       0.00000000       0.00039078
-1.74774775       0.00000000      -0.00041325
-1.73573574       0.00000000       0.00043619
-1.72372372       0.00000000      -0.00045964
-1.71171171       0.00000000       0.00048363
-1.69969970       0.00000000      -0.00050820
-1.68768769       0.00000000       0.00053339
-1.67567568       0.00000000      -0.00055924
-1.66366366       0.00000000       0.00058580
-1.65165165       0.00000000      -0.00061311
-1.63963964       0.00000000       0.00064123
-1.62762763       0.00000000      -0.00067021
-1.61561562       0.00000000       0.00070011
-1.60360360       0.00000000      -0.00073100
-1.59159159       0.00000000       0.00076294
-1.57957958       0.00000000      -0.00079601
-1.56756757       0.00000000       0.00083029
-1.55555556       0.00000000      -0.00086587
-1.54354354       0.00000000       0.00090283
-1.53153153       0.00000000      -0.00094129
-1.51951952       0.00000000       0.00098135
-1.50750751       0.00000000      -0.00102315
-1.49549550       0.00000000       0.00106680
-1.48348348       0.00000000      -0.00111247
-1.47147147       0.00000000       0.00116031
-1.45945946       0.00000000      -0.00121051
-1.44744745       0.00000000       0.00126325
-1.43543544       0.00000000      -0.00131877
-1.42342342       0.00000000       0.00137731
-1.41141141       0.00000000      -0.00143915
-1.39939940       0.00000000       0.00150458
-1.38738739       0.00000000      -0.00157397
-1.37537538       0.00000000       0.00164769
-1.36336336       0.00000000      -0.00172620
-1.35135135       0.00000000       0.00180999
-1.33933934       0.00000000      -0.00189964
-1.32732733       0.00000000       0.00199581
-1.31531532       0.00000000      -0.00209927
-1.30330330       0.00000000       0.00221089
-1.29129129       0.00000000      -0.00233171
-1.27927928       0.00000000       0.00246293
-1.26726727       0.00000000      -0.00260600
-1.25525526       0.00000000       0.00276260
-1.24324324       0.00000000      -0.00293479
-1.23123123       0.00000000       0.00312503
-1.21921922       0.00000000      -0.00333635
-1.20720721       0.00000000       0.00357247
-1.19519520       0.00000000      -0.00383806
-1.18318318       0.00000000       0.00413903
-1.17117117       0.00000000      -0.00448296
-1.15915916       0.00000000       0.00487978
-1.14714715       0.00000000      -0.00534268
-1.13513514       0.00000000       0.00588968
-1.12312312       0.00000000      -0.00654592
-1.11111111       0.00000000       0.00734766
-1.09909910       0.00000000      -0.00834913
-1.08708709       0.00000000       0.00963512
-1.07507508       0.00000000      -0.01134599
-1.06306306       0.00000000       0.01373153
-1.05105105       0.00000000      -0.01728205
-1.03903904       0.00000000       0.02310268
-1.02702703       0.00000000      -0.03427529
-1.01501502       0.00000000       0.06336876
-1.00300300       0.00000000      -0.25764731
-0.99099099      -0.99099099      -1.04582586
-0.97897898      -0.97897898      -0.94571858
-0.96696697      -0.96696697      -0.99038346
-0.95495495      -0.95495495      -0.93689962
-0.94294294      -0.94294294      -0.95765958
-0.93093093      -0.93093093      -0.91848474
-0.91891892      -0.91891892      -0.92972391
-0.90690691      -0.90690691      -0.89734234
-0.89489489      -0.89489489      -0.90348961
-0.88288288      -0.88288288      -0.87506689
-0.87087087      -0.87087087      -0.87804808
-0.85885886      -0.85885886      -0.85221495
-0.84684685      -0.84684685      -0.85303895
-0.83483483      -0.83483483      -0.82903030
-0.82282282      -0.82282282      -0.82829133
-0.81081081      -0.81081081      -0.80563636
-0.79879880      -0.79879880      -0.80371385
-0.78678679      -0.78678679      -0.78210222
-0.77477477      -0.77477477      -0.77925326
-0.76276276      -0.76276276      -0.75846958
-0.75075075      -0.75075075      -0.75487646
-0.73873874      -0.73873874      -0.73476507
-0.72672673      -0.72672673      -0.73056179
-0.71471471      -0.71471471      -0.71100648
-0.70270270      -0.70270270      -0.70629448
-0.69069069      -0.69069069      -0.68720618
-0.67867868      -0.67867868      -0.68206411
-0.66666667      -0.66666667      -0.66337300
-0.65465465      -0.65465465      -0.65786314
-0.64264264      -0.64264264      -0.63951342
-0.63063063      -0.63063063      -0.63368596
-0.61861862      -0.61861862      -0.61563232
-0.60660661      -0.60660661      -0.60952832
-0.59459459      -0.59459459      -0.59173342
-0.58258258      -0.58258258      -0.58538693
-0.57057057      -0.57057057      -0.56781962
-0.55855856      -0.55855856      -0.56125924
-0.54654655      -0.54654655      -0.54389321
-0.53453453      -0.53453453      -0.53714320
-0.52252252      -0.52252252      -0.51995602
-0.51051051      -0.51051051      -0.51303717
-0.49849850      -0.49849850      -0.49600951
-0.48648649      -0.48648649      -0.48893982
-0.47447447      -0.47447447      -0.47205491
-0.46246246      -0.46246246      -0.46485004
-0.45045045      -0.45045045      -0.44809319
-0.43843844      -0.43843844      -0.44076694
-0.42642643      -0.42642643      -0.42412520
-0.41441441      -0.41441441      -0.41668976
-0.40240240      -0.40240240      -0.40015161
-0.39039039      -0.39039039      -0.39261787
-0.37837838      -0.37837838      -0.37617302
-0.36636637      -0.36636637      -0.36855074
-0.35435435      -0.35435435      -0.35218990
-0.34234234      -0.34234234      -0.34448791
-0.33033033      -0.33033033      -0.32820268
-0.31831832      -0.31831832      -0.32042899
-0.30630631      -0.30630631      -0.30421171
-0.29429429      -0.29429429      -0.29637367
-0.28228228      -0.28228228      -0.28021730
-0.27027027      -0.27027027      -0.27232166
-0.25825826      -0.25825826      -0.25621970
-0.24624625      -0.24624625      -0.24827271
-0.23423423      -0.23423423      -0.23221914
-0.22222222      -0.22222222      -0.22422663
-0.21021021      -0.21021021      -0.20821581
-0.19819820      -0.19819820      -0.20018324
-0.18618619      -0.18618619      -0.18420986
-0.17417417      -0.17417417      -0.17614239
-0.16216216      -0.16216216      -0.16020144
-0.15015015      -0.15015015      -0.15210396
-0.13813814      -0.13813814      -0.13619067
-0.12612613      -0.12612613      -0.12806783
-0.11411411      -0.11411411      -0.11217762
-0.10210210      -0.10210210      -0.10403393
-0.09009009      -0.09009009      -0.08816239
-0.07807808      -0.07807808      -0.08000218
-0.06606607      -0.06606607      -0.06414504
-0.05405405      -0.05405405      -0.05597253
-0.04204204      -0.04204204      -0.04012560
-0.03003003      -0.03003003      -0.03194495
-0.01801802      -0.01801802      -0.01610412
-0.00600601      -0.00600601      -0.00791940
 0.00600601       0.00600601       0.00791940
 0.01801802       0.01801802       0.01610412
 0.03003003       0.03003003       0.03194495
 0.04204204       0.04204204       0.04012560
 0.05405405       0.05405405       0.05597253
 0.06606607       0.06606607       0.06414504
 0.07807808       0.07807808       0.08000218
 0.09009009       0.09009009       0.08816239
 0.10210210       0.10210210       0.10403393
 0.11411411       0.11411411       0.11217762
 0.12612613       0.12612613       0.12806783
 0.13813814       0.13813814       0.13619067
 0.15015015       0.15015015       0.15210396
 0.16216216       0.16216216       0.16020144
 0.17417417       0.17417417       0.17614239
 0.18618619       0.18618619       0.18420986
 0.19819820       0.19819820       0.20018324
 0.21021021       0.21021021       0.20821581
 0.22222222       0.22222222       0.22422663
 0.23423423       0.23423423       0.23221914
 0.24624625       0.24624625       0.24827271
 0.25825826       0.25825826       0.25621970
 0.27027027       0.27027027       0.27232166
 0.28228228       0.28228228       0.28021730
 0.29429429       0.29429429       0.29637367
 0.30630631       0.30630631       0.30421171
 0.31831832       0.31831832       0.32042899
 0.33033033       0.33033033       0.32820268
 0.34234234       0.34234234       0.34448791
 0.35435435       0.35435435       0.35218990
 0.36636637       0.36636637       0.36855074
 0.37837838       0.37837838       0.37617302
 0.39039039       0.39039039       0.39261787
 0.40240240       0.40240240       0.40015161
 0.41441441       0.41441441       0.41668976
 0.42642643       0.42642643       0.42412520
 0.43843844       0.43843844       0.44076694
 0.45045045       0.45045045       0.44809319
 0.46246246       0.46246246       0.46485004
 0.47447447       0.47447447       0.47205491
 0.48648649       0.48648649       0.48893982
 0.49849850       0.49849850       0.49600951
 0.51051051       0.51051051       0.51303717
 0.52252252       0.52252252       0.51995602
 0.53453453       0.53453453       0.53714320
 0.54654655       0.54654655       0.54389321
 0.55855856       0.55855856       0.56125924
 0.57057057       0.57057057       0.56781962
 0.58258258       0.58258258       0.58538693
 0.59459459       0.59459459       0.59173342
 0.60660661       0.60660661       0.60952832
 0.61861862       0.61861862       0.61563232
 0.63063063       0.63063063       0.63368596
 0.64264264       0.64264264       0.63951342
 0.65465465       0.65465465       0.65786314
 0.66666667       0.66666667       0.66337300
 0.67867868       0.67867868       0.68206411
 0.69069069       0.69069069       0.68720618
 0.70270270       0.70270270       0.70629448
 0.71471471       0.71471471       0.71100648
 0.72672673       0.72672673       0.73056179
 0.73873874       0.73873874       0.73476507
 0.75075075       0.75075075       0.75487646
 0.76276276       0.76276276       0.75846958
 0.77477477       0.77477477       0.77925326
 0.78678679       0.78678679       0.78210222
 0.79879880       0.79879880       0.80371385
 0.81081081       0.81081081       0.80563636
 0.82282282       0.82282282       0.82829133
 0.83483483       0.83483483       0.82903030
 0.84684685       0.84684685       0.85303895
 0.85885886       0.85885886       0.85221495
 0.87087087       0.87087087       0.87804808
 0.88288288       0.88288288       0.87506689
 0.89489489       0.89489489       0.90348961
 0.90690691       0.90690691       0.89734234
 0.91891892       0.91891892       0.92972391
 0.93093093       0.93093093       0.91848474
 0.94294294       0.94294294       0.95765958
 0.95495495       0.95495495       0.93689962
 0.96696697       0.96696697       0.99038346
 0.97897898       0.97897898       0.94571858
 0.99099099       0.99099099       1.04582586
 1.00300300       0.00000000       0.25764731
 1.01501502       0.00000000      -0.06336876
 1.02702703       0.00000000       0.03427529
 1.03903904       0.00000000      -0.02310268
 1.05105105       0.00000000       0.01728205
 1.06306306       0.00000000      -0.01373153
 1.07507508       0.00000000       0.01134599
 1.08708709       0.00000000      -0.00963512
 1.09909910       0.00000000       0.00834913
 1.11111111       0.00000000      -0.00734766
 1.12312312       0.00000000       0.00654592
 1.13513514       0.00000000      -0.00588968
 1.14714715       0.00000000       0.00534268
 1.15915916       0.00000000      -0.00487978
 1.17117117       0.00000000       0.00448296
 1.18318318       0.00000000      -0.00413903
 1.19519520       0.00000000       0.00383806
 1.20720721       0.00000000      -0.00357247
 1.21921922       0.00000000       0.00333635
 1.23123123       0.00000000      -0.00312503
 1.24324324       0.00000000       0.00293479
 1.25525526       0.00000000      -0.00276260
 1.26726727       0.00000000       0.00260600
 1.27927928       0.00000000      -0.00246293
 1.29129129       0.00000000       0.00233171
 1.30330330       0.00000000      -0.00221089
 1.31531532       0.00000000       0.00209927
 1.32732733       0.00000000      -0.00199581
 1.33933934       0.00000000       0.00189964
 1.35135135       0.00000000      -0.00180999
 1.36336336       0.00000000       0.00172620
 1.37537538       0.00000000      -0.00164769
 1.38738739       0.00000000       0.00157397
 1.39939940       0.00000000      -0.00150458
 1.41141141       0.00000000       0.00143915
 1.42342342       0.00000000      -0.00137731
 1.43543544       0.00000000       0.00131877
 1.44744745       0.00000000      -0.00126325
 1.45945946       0.00000000       0.00121051
 1.47147147       0.00000000      -0.00116031
 1.48348348       0.00000000       0.00111247
 1.49549550       0.00000000      -0.00106680
 1.50750751       0.00000000       0.00102315
 1.51951952       0.00000000      -0.00098135
 1.53153153       0.00000000       0.00094129
 1.54354354       0.00000000      -0.00090283
 1.55555556       0.00000000       0.00086587
 1.56756757       0.00000000      -0.00083029
 1.57957958       0.00000000       0.00079601
 1.59159159       0.00000000      -0.00076294
 1.60360360       0.00000000       0.00073100
 1.61561562       0.00000000      -0.00070011
 1.62762763       0.00000000       0.00067021
 1.63963964       0.00000000      -0.00064123
 1.65165165       0.00000000       0.00061311
 1.66366366       0.00000000      -0.00058580
 1.67567568       0.00000000       0.00055924
 1.68768769       0.00000000      -0.00053339
 1.69969970       0.00000000       0.00050820
 1.71171171       0.00000000      -0.00048363
 1.72372372       0.00000000       0.00045964
 1.73573574       0.00000000      -0.00043619
 1.74774775       0.00000000       0.00041325
 1.75975976       0.00000000      -0.00039078
 1.77177177       0.00000000       0.00036875
 1.78378378       0.00000000      -0.00034712
 1.79579580       0.00000000       0.00032588
 1.80780781       0.00000000      -0.00030499
 1.81981982       0.00000000       0.00028443
 1.83183183       0.00000000      -0.00026417
 1.84384384       0.00000000       0.00024419
 1.85585586       0.00000000      -0.00022447
 1.86786787       0.00000000       0.00020497
 1.87987988       0.00000000      -0.00018569
 1.89189189       0.00000000       0.00016659
 1.90390390       0.00000000      -0.00014767
 1.91591592       0.00000000       0.00012889
 1.92792793       0.00000000      -0.00011024
 1.93993994       0.00000000       0.00009170
 1.95195195       0.00000000      -0.00007325
 1.96396396       0.00000000       0.00005487
 1.97597598       0.00000000      -0.00003655
 1.98798799       0.00000000       0.00001827
 2.00000000       0.00000000       0.00000000
 2.01201201       0.00000000      -0.00001827
 2.02402402       0.00000000       0.00003655
 2.03603604       0.00000000      -0.00005487
 2.04804805       0.00000000       0.00007325
 2.06006006       0.00000000      -0.00009170
 2.07207207       0.00000000       0.00011024
 2.08408408       0.00000000      -0.00012889
 2.09609610       0.00000000       0.00014767
 2.10810811       0.00000000      -0.00016659
 2.12012012       0.00000000       0.00018569
 2.13213213       0.00000000      -0.00020497
 2.14414414       0.00000000       0.00022447
 2.15615616       0.00000000      -0.00024419
 2.16816817       0.00000000       0.00026417
 2.18018018       0.00000000      -0.00028443
 2.19219219       0.00000000       0.00030499
 2.20420420       0.00000000      -0.00032588
 2.21621622       0.00000000       0.00034712
 2.22822823       0.00000000      -0.00036875
 2.24024024       0.00000000       0.00039078
 2.25225225       0.00000000      -0.00041325
 2.26426426       0.00000000       0.00043619
 2.27627628       0.00000000      -0.00045964
 2.28828829       0.00000000       0.00048363
 2.30030030       0.00000000      -0.00050820
 2.31231231       0.00000000       0.00053339
 2.32432432       0.00000000      -0.00055924
 2.33633634       0.00000000       0.00058580
 2.34834835       0.00000000      -0.00061311
 2.36036036       0.00000000       0.00064123
 2.37237237       0.00000000      -0.00067021
 2.38438438       0.00000000       0.00070011
 2.39639640       0.00000000      -0.00073100
 2.40840841       0.00000000       0.00076294
 2.42042042       0.00000000      -0.00079601
 2.43243243       0.00000000       0.00083029
 2.44444444       0.00000000      -0.00086587
 2.45645646       0.00000000       0.00090283
 2.46846847       0.00000000      -0.00094129
 2.48048048       0.00000000       0.00098135
 2.49249249       0.00000000      -0.00102315
 2.50450450       0.00000000       0.00106680
 2.51651652       0.00000000      -0.00111247
 2.52852853       0.00000000       0.00116031
 2.54054054       0.00000000      -0.00121051
 2.55255255       0.00000000       0.00126325
 2.56456456       0.00000000      -0.00131877
 2.57657658       0.00000000       0.00137731
 2.58858859       0.00000000      -0.00143915
 2.60060060       0.00000000       0.00150458
 2.61261261       0.00000000      -0.00157397
 2.62462462       0.00000000       0.00164769
 2.63663664       0.00000000      -0.00172620
 2.64864865       0.00000000       0.00180999
 2.66066066       0.00000000      -0.00189964
 2.67267267       0.00000000       0.00199581
 2.68468468       0.00000000      -0.00209927
 2.69669670       0.00000000       0.00221089
 2.70870871       0.00000000      -0.00233171
 2.72072072       0.00000000       0.00246293
 2.73273273       0.00000000      -0.00260600
 2.74474474       0.00000000       0.00276260
 2.75675676       0.00000000      -0.00293479
 2.76876877       0.00000000       0.00312503
 2.78078078       0.00000000      -0.00333635
 2.79279279       0.00000000       0.00357247
 2.80480480       0.00000000      -0.00383806
 2.81681682       0.00000000       0.00413903
 2.82882883       0.00000000      -0.00448296
 2.84084084       0.00000000       0.00487978
 2.85285285       0.00000000      -0.00534268
 2.86486486       0.00000000       0.00588968
 2.87687688       0.00000000      -0.00654592
 2.88888889       0.00000000       0.00734766
 2.90090090       0.00000000      -0.00834913
 2.91291291       0.00000000       0.00963512
 2.92492492       0.00000000      -0.01134599
 2.93693694       0.00000000       0.01373153
 2.94894895       0.00000000      -0.01728205
 2.96096096       0.00000000       0.02310268
 2.97297297       0.00000000      -0.03427529
 2.98498498       0.00000000       0.06336876
 2.99699700       0.00000000      -0.25764731
 3.00900901      -0.99099099      -1.04582586
 3.02102102      -0.97897898      -0.94571858
 3.03303303      -0.96696697      -0.99038346
 3.04504505      -0.95495495      -0.93689962
 3.05705706      -0.94294294      -0.95765958
 3.06906907      -0.93093093      -0.91848474
 3.08108108      -0.91891892      -0.92972391
 3.09309309      -0.90690691      -0.89734234
 3.10510511      -0.89489489      -0.90348961
 3.11711712      -0.88288288      -0.87506689
 3.12912913      -0.87087087      -0.87804808
 3.14114114      -0.85885886      -0.85221495
 3.15315315      -0.84684685      -0.85303895
 3.16516517      -0.83483483      -0.82903030
 3.17717718      -0.82282282      -0.82829133
 3.18918919      -0.81081081      -0.80563636
 3.20120120      -0.79879880      -0.80371385
 3.21321321      -0.78678679      -0.78210222
 3.22522523      -0.77477477      -0.77925326
 3.23723724      -0.76276276      -0.75846958
 3.24924925      -0.75075075      -0.75487646
 3.26126126      -0.73873874      -0.73476507
 3.27327327      -0.72672673      -0.73056179
 3.28528529      -0.71471471      -0.71100648
 3.29729730      -0.70270270      -0.70629448
 3.30930931      -0.69069069      -0.68720618
 3.32132132      -0.67867868      -0.68206411
 3.33333333      -0.66666667      -0.66337300
 3.34534535      -0.65465465      -0.65786314
 3.35735736      -0.64264264      -0.63951342
 3.36936937      -0.63063063      -0.63368596
 3.38138138      -0.61861862      -0.61563232
 3.39339339      -0.60660661      -0.60952832
 3.40540541      -0.59459459      -0.59173342
 3.41741742      -0.58258258      -0.58538693
 3.42942943      -0.57057057      -0.56781962
 3.44144144      -0.55855856      -0.56125924
 3.45345345      -0.54654655      -0.54389321
 3.46546547      -0.53453453      -0.53714320
 3.47747748      -0.52252252      -0.51995602
 3.48948949      -0.51051051      -0.51303717
 3.50150150      -0.49849850      -0.49600951
 3.51351351      -0.48648649      -0.48893982
 3.52552553      -0.47447447      -0.47205491
 3.53753754      -0.46246246      -0.46485004
 3.54954955      -0.45045045      -0.44809319
 3.56156156      -0.43843844      -0.44076694
 3.57357357      -0.42642643      -0.42412520
 3.58558559      -0.41441441      -0.41668976
 3.59759760      -0.40240240      -0.40015161
 3.60960961      -0.39039039      -0.39261787
 3.62162162      -0.37837838      -0.37617302
 3.63363363      -0.36636637      -0.36855074
 3.64564565      -0.35435435      -0.35218990
 3.65765766      -0.34234234      -0.34448791
 3.66966967      -0.33033033      -0.32820268
 3.68168168      -0.31831832      -0.32042899
 3.69369369      -0.30630631      -0.30421171
 3.70570571      -0.29429429      -0.29637367
 3.71771772      -0.28228228      -0.28021730
 3.72972973      -0.27027027      -0.27232166
 3.74174174      -0.25825826      -0.25621970
 3.75375375      -0.24624625      -0.24827271
 3.76576577      -0.23423423      -0.23221914
 3.77777778      -0.22222222      -0.22422663
 3.78978979      -0.21021021      -0.20821581
 3.80180180      -0.19819820      -0.20018324
 3.81381381      -0.18618619      -0.18420986
 3.82582583      -0.17417417      -0.17614239
 3.83783784      -0.16216216      -0.16020144
 3.84984985      -0.15015015      -0.15210396
 3.86186186      -0.13813814      -0.13619067
 3.87387387      -0.12612613      -0.12806783
 3.88588589      -0.11411411      -0.11217762
 3.89789790      -0.10210210      -0.10403393
 3.90990991      -0.09009009      -0.08816239
 3.92192192      -0.07807808      -0.08000218
 3.93393393      -0.06606607      -0.06414504
 3.94594595      -0.05405405      -0.05597253
 3.95795796      -0.04204204      -0.04012560
 3.96996997      -0.03003003      -0.03194495
 3.98198198      -0.01801802      -0.01610412
 3.99399399      -0.00600601      -0.00791940
 4.00600601       0.00600601       0.00791940
 4.01801802       0.01801802       0.01610412
 4.03003003       0.03003003       0.03194495
 4.04204204       0.04204204       0.04012560
 4.05405405       0.05405405       0.05597253
 4.06606607       0.06606607       0.06414504
 4.07807808       0.07807808       0.08000218
 4.09009009       0.09009009       0.08816239
 4.10210210       0.10210210       0.10403393
 4.11411411       0.11411411       0.11217762
 4.12612613       0.12612613       0.12806783
 4.13813814       0.13813814       0.13619067
 4.15015015       0.15015015       0.15210396
 4.16216216       0.16216216       0.16020144
 4.17417417       0.17417417       0.17614239
 4.18618619       0.18618619       0.18420986
 4.19819820       0.19819820       0.20018324
 4.21021021       0.21021021       0.20821581
 4.22222222       0.22222222       0.22422663
 4.23423423       0.23423423       0.23221914
 4.24624625       0.24624625       0.24827271
 4.25825826       0.25825826       0.25621970
 4.27027027       0.27027027       0.27232166
 4.28228228       0.28228228       0.28021730
 4.29429429       0.29429429       0.29637367
 4.30630631       0.30630631       0.30421171
 4.31831832       0.31831832       0.32042899
 4.33033033       0.33033033       0.32820268
 4.34234234       0.34234234       0.34448791
 4.35435435       0.35435435       0.35218990
 4.36636637       0.36636637       0.36855074
 4.37837838       0.37837838       0.37617302
 4.39039039       0.39039039       0.39261787
 4.40240240       0.40240240       0.40015161
 4.41441441       0.41441441       0.41668976
 4.42642643       0.42642643       0.42412520
 4.43843844       0.43843844       0.44076694
 4.45045045       0.45045045       0.44809319
 4.46246246       0.46246246       0.46485004
 4.47447447       0.47447447       0.47205491
 4.48648649       0.48648649       0.48893982
 4.49849850       0.49849850       0.49600951
 4.51051051       0.51051051       0.51303717
 4.52252252       0.52252252       0.51995602
 4.53453453       0.53453453       0.53714320
 4.54654655       0.54654655       0.54389321
 4.55855856       0.55855856       0.56125924
 4.57057057       0.57057057       0.56781962
 4.58258258       0.58258258       0.58538693
 4.59459459       0.59459459       0.59173342
 4.60660661       0.60660661       0.60952832
 4.61861862       0.61861862       0.61563232
 4.63063063       0.63063063       0.63368596
 4.64264264       0.64264264       0.63951342
 4.65465465       0.65465465       0.65786314
 4.66666667       0.66666667       0.66337300
 4.67867868       0.67867868       0.68206411
 4.69069069       0.69069069       0.68720618
 4.70270270       0.70270270       0.70629448
 4.71471471       0.71471471       0.71100648
 4.72672673       0.72672673       0.73056179
 4.73873874       0.73873874       0.73476507
 4.75075075       0.75075075       0.75487646
 4.76276276       0.76276276       0.75846958
 4.77477477       0.77477477       0.77925326
 4.78678679       0.78678679       0.78210222
 4.79879880       0.79879880       0.80371385
 4.81081081       0.81081081       0.80563636
 4.82282282       0.82282282       0.82829133
 4.83483483       0.83483483       0.82903030
 4.84684685       0.84684685       0.85303895
 4.85885886       0.85885886       0.85221495
 4.87087087       0.87087087       0.87804808
 4.88288288       0.88288288       0.87506689
 4.89489489       0.89489489       0.90348961
 4.90690691       0.90690691       0.89734234
 4.91891892       0.91891892       0.92972391
 4.93093093       0.93093093       0.91848474
 4.94294294       0.94294294       0.95765958
 4.95495495       0.95495495       0.93689962
 4.96696697       0.96696697       0.99038346
 4.97897898       0.97897898       0.94571858
 4.99099099       0.99099099       1.04582586
 5.00300300       0.00000000       0.25764731
 5.01501502       0.00000000      -0.06336876
 5.02702703       0.00000000       0.03427529
 5.03903904       0.00000000      -0.02310268
 5.05105105       0.00000000       0.01728205
 5.06306306       0.00000000      -0.01373153
 5.07507508       0.00000000       0.01134599
 5.08708709       0.00000000      -0.00963512
 5.09909910       0.00000000       0.00834913
 5.11111111       0.00000000      -0.00734766
 5.12312312       0.00000000       0.00654592
 5.13513514       0.00000000      -0.00588968
 5.14714715       0.00000000       0.00534268
 5.15915916       0.00000000      -0.00487978
 5.17117117       0.00000000       0.00448296
 5.18318318       0.00000000      -0.00413903
 5.19519520       0.00000000       0.00383806
 5.20720721       0.00000000      -0.00357247
 5.21921922       0.00000000       0.00333635
 5.23123123       0.00000000      -0.00312503
 5.24324324       0.00000000       0.00293479
 5.25525526       0.00000000      -0.00276260
 5.26726727       0.00000000       0.00260600
 5.27927928       0.00000000      -0.00246293
 5.29129129       0.00000000       0.00233171
 5.30330330       0.00000000      -0.00221089
 5.31531532       0.00000000       0.00209927
 5.32732733       0.00000000      -0.00199581
 5.33933934       0.00000000       0.00189964
 5.35135135       0.00000000      -0.00180999
 5.36336336       0.00000000       0.00172620
 5.37537538       0.00000000      -0.00164769
 5.38738739       0.00000000       0.00157397
 5.39939940       0.00000000      -0.00150458
 5.41141141       0.00000000       0.00143915
 5.42342342       0.00000000      -0.00137731
 5.43543544       0.00000000       0.00131877
 5.44744745       0.00000000      -0.00126325
 5.45945946       0.00000000       0.00121051
 5.47147147       0.00000000      -0.00116031
 5.48348348       0.00000000       0.00111247
 5.49549550       0.00000000      -0.00106680
 5.50750751       0.00000000       0.00102315
 5.51951952       0.00000000      -0.00098135
 5.53153153       0.00000000       0.00094129
 5.54354354       0.00000000      -0.00090283
 5.55555556       0.00000000       0.00086587
 5.56756757       0.00000000      -0.00083029
 5.57957958       0.00000000       0.00079601
 5.59159159       0.00000000      -0.00076294
 5.60360360       0.00000000       0.00073100
 5.61561562       0.00000000      -0.00070011
 5.62762763       0.00000000       0.00067021
 5.63963964       0.00000000      -0.00064123
 5.65165165       0.00000000       0.00061311
 5.66366366       0.00000000      -0.00058580
 5.67567568       0.00000000       0.00055924
 5.68768769       0.00000000      -0.00053339
 5.69969970       0.00000000       0.00050820
 5.71171171       0.00000000      -0.00048363
 5.72372372       0.00000000       0.00045964
 5.73573574       0.00000000      -0.00043619
 5.74774775       0.00000000       0.00041325
 5.75975976       0.00000000      -0.00039078
 5.77177177       0.00000000       0.00036875
 5.78378378       0.00000000      -0.00034712
 5.79579580       0.00000000       0.00032588
 5.80780781       0.00000000      -0.00030499
 5.81981982       0.00000000       0.00028443
 5.83183183       0.00000000      -0.00026417
 5.84384384       0.00000000       0.00024419
 5.85585586       0.00000000      -0.00022447
 5.86786787       0.00000000       0.00020497
 5.87987988       0.00000000      -0.00018569
 5.89189189       0.00000000       0.00016659
 5.90390390       0.00000000      -0.00014767
 5.91591592       0.00000000       0.00012889
 5.92792793       0.00000000      -0.00011024
 5.93993994       0.00000000       0.00009170
 5.95195195       0.00000000      -0.00007325
 5.96396396       0.00000000       0.00005487
 5.97597598       0.00000000      -0.00003655
 5.98798799       0.00000000       0.00001827
 6.00000000       0.00000000       0.00000000
